0.0,-0.006182394981704925,0.054156149003880216,0.07175098487904587,-0.019538626311703538,0.2607723049297287,0.07849757684991099,0.16520924647907387,-0.03193862378277146,0.2144506554648784,0.08464510008353371,0.21765829416445234,0.38018294171241945,0.21366911141297432,0.06235791379307214,-0.030182533716014565,-0.06344179949749228,0.2885352859898836,-0.060848297540298406,0.15779361967884706,-0.009856266186084437,0.09004951649620196,0.39118563528513983,0.22748955425344716,0.06638454553530805,0.2848081937089412,-0.08881656041894476,0.12911906227145079,0.031069264140473306,0.21887020676802668,0.29076838739416166,-0.03433767290363329,-0.11676467130338379,0.13760860388864932,0.12377126288087083,-0.011333520205149909,0.17422058882342292,0.06898351212875445,0.3075392767950312,0.3109888986639419,-0.003925070319384887,0.2604542130650276,-0.08255307349142536,0.031085629476832112,0.18653385942461548,0.16656381338648316,0.029421104800382188,0.4077448927282751,0.306958074723662,0.3409167691248725,0.14714585939282301,0.2872287603906709,0.1542466755473825,0.30687656527638907,-0.053627514817992036,0.16505527536051318,-0.108296507434096,0.29494266501495947,0.15215809795096444,0.1457104689358309,0.3440984891791084,0.10480000076872902,-0.034987556018984935,0.1956643658875819,0.3354251578719869,0.18870505579534705,-0.04039690794837846,0.17926764636146125,-0.04400393171334758,0.2819616565963189,0.18456960099020867,0.14364671248836394,0.3286402497468714,0.06876474162378421,0.1853602143993968,-0.030926372879877796,0.34764337037754617,0.21695016306919326,-0.11402106942869956,0.07574033445268888,0.24698759444648904,0.01178883533424846,0.10788906407551584,0.17469401260380168,0.23165618950417752,0.24994911548488621,0.07908769370853437,-0.07208903142552382,0.11031467499579367,0.06921403679944958,-0.0010982946472566364,0.14568137283022495,0.23828217297409493,0.13828831587436707,0.14163023820177045,0.027730091534617047,0.3657599092818796,0.24934388529818705,-0.018615892441245327,0.23631448168168906,0.14661128310212587,0.31549610049709725,0.042868559297772744,0.1533179009675559,0.059824972855210684,-0.129955098743034,0.1773225897834419,0.4216217216941588,-0.12656824047137308,0.1473444698284852,0.22539023226970278,0.0034912213967424302,0.03343834103599887,0.3797035190165303,0.1653727532365259,0.13881612261268328,0.06116830236015944,0.1834827563643791,-0.057989338766229324,0.2973415698917118,0.2936216699478145,0.41203838957816186,0.47528139339274544,0.26500232691698333,0.35227190743590064,0.0681131983818847,-0.0331128129976334,0.14132901406139525,-0.07482179398298865,0.2830834907338525,0.16789139933322308,0.2874521086847606,0.22537587135735107,0.2660426213400255,-0.0827132311342525,0.05289730402322995,0.3987442130124306,0.18508186054735354,0.26678281682075605,0.18244775162206098,-0.018207768890347288,0.07167699645377415,0.19422684039595542,0.0032889540942119934,0.24724160297460265,0.0882825095372125,0.16741956798152874,0.3065558671397818,0.27665048244143925,-0.16166445677628186,0.07985116083145616,0.05013542269892551,-0.06876628460721648,0.07116947991054802,0.3645154872008903,0.033328956463359434,0.0693132378909295
-0.006182394981704925,0.0,0.1304973286257969,0.19723675798578086,0.35053824491823016,-0.13484245232603556,0.08067834815585741,-0.048079624087115046,0.3264190827119088,-0.04064446604356944,-0.18418289724091594,0.08820430290919891,-0.008147769493573397,-0.183152461914808,-0.06915786286551724,0.08884558119214442,0.028048845885753796,-0.208409657450244,0.33764846377533225,-0.09363434002367901,0.0717695568026303,0.14344156394525598,0.06752684425737861,-0.13450303670676553,0.29432041578913487,-0.040999269422019965,0.2882041622119466,-0.1708514212276212,0.07949873309117483,0.01716144543833979,-0.05283966960006071,0.22155835516921513,0.24064196973677418,0.1500717098640975,-0.06457996406962156,0.23253053953531258,-0.15719641946068194,0.09953701864451045,-0.1750147929093801,-0.08638926629219855,0.029789822150583702,0.19516641940750426,0.15675671116768317,0.023234212155067272,-0.017935159896148852,0.22951332777141875,0.07809864107690001,0.1039700266537883,-0.16069251802068826,-0.06666343091920489,0.13872221181307542,0.15114686252865342,-0.04580506465597812,0.10809961226175999,-0.016639626272731852,-0.12044425342768192,0.4129406298149775,0.09016386744097009,0.22130342456858135,-0.0644988610243428,-0.044546109221869606,0.2978223338640549,0.23505288335647678,0.06682997293715723,-0.02353738935019619,0.042317956507221595,0.09931333955199666,-0.12677370433856303,0.36639160842494495,-0.19630148625167734,0.01059916717974923,-0.023677720471190704,-0.1529619926315165,0.017112935081230386,0.03536524755518153,0.3509925345026733,0.08555216791190479,0.08798855781047112,0.36968978012443493,-0.020174920408939985,-0.048217713606944296,0.27210258649913077,0.10858919747682302,-0.13261558042874652,-0.058676505181739426,-0.08587458917152031,0.13048963826059853,0.1435457227370384,0.08654280886341072,0.10415329400399401,-0.03562488811207099,-0.09259147442958865,-0.12070299676521487,0.006303123665738967,0.01433442328128691,0.09333993435968205,0.04939152121356033,0.012035992927667173,0.4411900265233089,-0.10360405539859328,0.04492704878702238,-0.14565669479683716,0.09417987506816115,0.1285951744824646,0.2198692259812587,0.3786335113248913,0.06546715225554951,-0.0026177850276856373,0.31542641172212793,0.0590592695987908,-0.06478327545762319,0.018711329708743885,0.22461054273206804,0.056698174150779344,-0.11090004275693564,0.07681282787772468,0.21928039800648846,-0.03068716240006889,0.00864540056214719,-0.15098995935761214,0.01026502727500772,-0.013940316158771107,0.020162293172388743,-0.1969607581364823,-0.03084096094038113,0.03547358780956406,-0.01934102934418108,0.009662486976292281,0.3568375556152521,-0.08146757540073724,0.3005950404544637,0.07503748108622896,-0.16815104331833192,0.10453713121426982,0.37466166880783874,0.32883983845953035,0.05016463820668692,0.09724938929593965,-0.04929340021853443,-0.04622437416998706,0.06238482634199962,-0.11612214385306292,0.05633475829166528,0.06361130599647652,0.0357639919996395,0.34083988486881667,0.1401170890753335,-0.07066535852146358,0.020746960771728964,0.09034914418316234,0.30893304139630845,0.32994301515602936,0.13296829910523614,0.10159009702862286,0.027036989429982783,0.16188082626369169,0.10104802606009532
0.054156149003880216,0.1304973286257969,0.0,0.2530548344725405,0.17843747378925734,0.10242836837406223,0.08721072988451944,0.09230690140151257,-0.07035309344085906,0.08915221228151166,-0.043038962210792474,0.16674074465455715,0.15223574460171888,0.08540791407567425,-0.013711759710687771,0.3167433821766726,0.0910973067388641,-0.0042640200521566925,0.2110151964957429,0.12139591674099175,0.13695316058133716,0.27665949393314987,0.07079269959065464,-0.120778602190907,0.021158717610923482,-0.06364901749965238,0.1213091527984152,0.06557942996883866,0.13245735464959946,0.07765716861636925,-0.024918104169577394,0.22279963597074423,0.1866861751995268,0.030892933431957283,0.04408129972861563,0.15262107992414406,-0.12850986808557524,0.15018429471239805,-0.04518487436005998,-0.0156290134948751,0.0488283262803358,0.05716781525329609,0.2411813071371424,0.027152032432691178,-0.009346391833151075,-0.006919398506361827,0.24294055401394202,0.21346611429595483,0.05530995327718549,-0.03310862228778101,0.1451103789540454,0.09250818350011622,-0.06453612911095331,0.13159344020631256,0.10145475915070146,-0.129674540252137,0.10571402728904648,0.12291355696691562,0.17754463616233668,0.03620021522515076,0.1853327697613693,0.1654712660040085,0.16868187518383143,-0.038101920837147564,0.1758963484376352,0.1275683834194778,0.29320449628385664,-0.02646945609423225,0.21356816069971218,-0.04436085513822573,-0.01695907199058769,0.06337597141643915,-0.045959935783855786,0.23200181327630834,0.023817444691139434,0.1592136553581498,0.21989681217402224,0.1256056370392996,0.16831328904720022,0.26563816555452374,0.18964187565040114,0.1996708578123609,0.04657408522804057,-0.0836269355278806,0.09157039783014602,0.023389981340514402,0.21739912870942069,0.09578271031300296,0.11635285537843178,0.1450934300423918,0.21715442615030775,0.03534763023511477,0.05747521564440958,0.12634527906033266,0.17477777961532423,-0.038057706266362935,0.13132950891204923,0.09424351120892568,0.12726099567214733,-0.01827552786677136,-0.11762068809098078,0.06477580668190927,0.1799613320796273,0.27824480914599836,0.28560679479356116,0.11172369968530849,-0.023995370845006737,0.053046833672677776,0.15920742034918375,0.07550371871258012,0.11438266517227762,0.04049570031546991,0.12334541192041518,0.164130198782875,0.10431563086651877,0.11777471517849042,0.17539526671459413,0.12232043324601473,0.019216658306721954,0.0010574778974964819,0.057100618447809844,0.023671105789305286,0.04813646918260315,-0.14142771278307661,0.03569901301217655,0.14553189080202236,0.063738970911102,0.14129724459574894,0.17012574772075872,0.04584812626862853,0.06706158437197689,0.20775713122082698,0.033434916122131515,0.21430016926915635,0.11513331583367728,0.16223030418664677,0.08904780925865159,0.1604147707498036,-0.012544296305219058,0.1919208540783218,0.16137827465229668,-0.11970093496150352,0.17480327268435716,0.1047321770357455,0.12400487623790422,0.15398424363978327,0.060059871653629006,0.08160705569786114,0.1296529546586614,-0.013248172796966887,0.1865270347025058,0.15384383434402127,-0.09061482668298886,0.13518102831064244,0.0832412143669991,0.0810858986467266,0.1440751116585282
0.07175098487904587,0.19723675798578086,0.2530548344725405,0.0,0.19199230263334233,0.25757620241120016,0.2636606839746818,0.27335595633228627,0.14781114809639512,0.276618638115447,0.07218865733694506,0.29838435586041256,0.176077620936739,-0.0523708889596479,-0.14600540056924857,0.04156285043552304,0.2259948737144362,0.05848551231759443,0.22623917062855628,0.1580433032149408,0.3787860133333891,0.2686863852708711,0.09616787058014234,0.0075767279384951315,0.2586306948826467,-0.0642830081223587,0.2680598466557829,-0.019345776056093954,0.356679644380644,0.1711940293587698,0.14698971463314658,0.3248175874611472,0.2511189301063523,0.002146515460643773,-0.11058260284373198,0.12465910163288059,0.17976649167397296,0.0978473587124125,0.0892895141972582,-0.00820235573637012,0.2601447769710094,0.20754331289592948,0.011944021521855816,0.18088217601853418,0.06088468948614758,0.2240851841888566,0.23495102577781085,0.22400446184121492,-0.025511171815577036,-0.011616801936926947,0.26828459988281217,0.29567432055802845,-0.014680615501332029,0.20872870320353865,-0.0589529701467839,-0.06921505620593578,0.1424291783225886,0.22167331183936784,0.31273857878666456,0.2761298188436341,0.10694443554520876,0.14952921336957634,0.3618980334206495,0.16026065895015676,0.09407084056932627,0.30323425620128597,0.044479991731194,0.2220457660707925,0.1985936770878599,0.08280925334317694,0.1581455929001924,0.16447991986733604,0.18038927004564542,0.1187061464599907,0.1507348147586922,0.12061670576786906,0.23577270313688262,0.04833894742299472,0.1531578524015928,0.08051753076378375,0.2591748919222626,0.30988839142487584,-0.05621948685814203,-0.0074513307487251695,-0.04974842970077897,0.155899139590426,0.4264210687593984,0.25778732285736866,0.32084966340135085,0.4029853271342739,0.24989141169775905,0.2495589500084017,0.27173088391060407,0.2567859465043485,0.23086841891586127,0.05943791802590825,0.12953836204884991,0.013243522962774814,0.15346153025714748,0.0899710542454181,0.19355416689709665,0.0011049074599049874,0.3645441536792858,0.14545903215706338,0.2441159926263417,0.18030437661903678,0.023795242721368806,0.10008119097559855,0.2518046051586738,0.3439381731876594,-0.02031041877097216,0.053747124401238,0.2356164267134362,0.21058263053859455,0.08715949690621057,0.3688846118773866,0.30953766674461713,0.36198219228927525,0.08338183588351071,0.03562957238106397,0.33913196300447146,-0.003653710589404254,0.041099089739418046,-0.023147111989583358,0.041560409514671784,0.12220928953015246,0.2339312295255659,0.25730240882808747,0.2192865194078465,0.20001616863016805,0.1470982528190689,0.012515994945199952,0.2109959816126368,0.197511249928381,0.15799283749615367,0.10999506583389795,0.0719913920281098,0.0838959721550618,0.1386823188011974,0.09707431784033503,0.3158881505785186,0.09850306675511519,0.06566164962052885,0.3540011563009356,0.338417143862445,0.35069902498822086,0.2897523921380026,0.11706857023766497,0.19443013416264923,0.11162637911825553,0.25235812486364345,0.346478272241694,-0.04642600193711604,0.022518055441364086,0.10437197655199827,0.06058916899785563,0.42339545266859213
-0.019538626311703538,0.35053824491823016,0.17843747378925734,0.19199230263334233,0.0,-0.07412949309780367,0.11276141871094156,0.034279918960337386,0.19802149525472212,-0.02000229906292916,-0.0986444154578546,0.10361491041964117,-0.042571647807847404,-0.18416725365820963,0.12905445971441368,0.12054302709613575,0.10103151436742568,-0.26088046568537676,0.4349006675121494,-0.088474800235592,0.11120624924427895,0.1903252368228706,-0.02593884111150166,-0.10723170650941281,0.2643023107936819,-0.192329230287437,0.2738269564075282,-0.17820966009628075,0.13852630590381734,0.15442280493889637,-0.12902279594069987,0.1618018998236421,0.3006880869564098,0.00046334596578393047,0.037664820223537336,0.1563302938650344,-0.12053495418340325,0.19157489101438063,-0.22450346158401416,-0.06683782883010811,0.060719237533513555,0.08992098855058632,0.11004436024676313,0.055229577857930444,0.07106760565483672,0.13256932013079875,0.0857040935544028,0.038903068759635895,-0.17716386503608472,-0.19191005245588483,0.14701405751202992,0.144807769474369,0.02724228181384586,0.09303187351264611,0.05390884432574934,-0.17327151792875317,0.4039228510752424,0.03403838095593828,0.20481947859262203,-0.04070362714568824,-0.10647154733494031,0.16676461155439384,0.22526803624839545,0.08810956891725363,-0.04913091414981265,0.0781530483156595,0.0704777761089313,-0.0798596099946581,0.3921177674689561,-0.19993200855859775,-0.05294570618095995,-0.09607072732325796,-0.19121612378405617,0.019689007848798512,0.09283011448507761,0.21526757284245301,0.030214704863899898,-0.07055719141579568,0.39295730818872576,0.04958272703940947,-0.08229794801009853,0.28744430054051034,0.005506502788872973,-0.158136997512182,-0.14613937648111683,-0.11525188775467983,0.1654487734031264,0.13023566467941988,0.06971473585163526,0.15269729974894372,-0.050644155194981874,0.028017475402639803,-0.04973793703826112,0.018703110875445482,0.10575965298623738,0.10087190089640043,-0.018790817617514718,-0.10610033631307358,0.398474626707673,-0.02977837876661449,0.07022166164155177,-0.2591622578409678,0.23820212748809855,0.05104331796068539,0.27345735172269553,0.41016929943041736,-0.02398456036559585,-0.035523486221137025,0.2946317284908227,-0.019877768738538887,-0.18049375116606584,-0.008141859560656307,0.1950605336363802,0.06716833527729696,-0.1298111403251777,0.0574315950202423,0.24730501977485783,0.04015680037914307,0.15332391461374006,-0.2741452208404024,0.08111544204177953,-0.07966361892442805,-0.008525900947943614,-0.24134246319370628,-0.12532187919190954,0.02604488650786877,0.0472470529595405,0.004334842429419908,0.33866675461406603,-0.0809284716526079,0.14236683059341856,-0.010894217590555004,-0.199206048711566,0.0865391387342942,0.4414327862971842,0.28623108943859515,-0.09367014373384829,0.044850763734519905,-0.019110004767497493,-0.04403358337052405,0.1428899663414057,-0.09274858664044883,0.03730224296575512,0.050167361590915824,0.11504545375828663,0.24162321185600127,0.09635979230606148,-0.21981153798941025,-0.02427483368878318,0.06128751585859652,0.23265879043096094,0.35491245575152724,0.008333640170199936,-0.0318684010744805,-0.10260442133872646,0.08867752461993328,0.09659593492747832
0.2607723049297287,-0.13484245232603556,0.10242836837406223,0.25757620241120016,-0.07412949309780367,0.0,0.25025352158602776,0.22981053564559484,-0.2039031107506784,0.28853404883053135,0.24448344764525998,0.3363439562040664,0.3235664099093933,0.1992120323079438,-0.052206375414039385,0.036076360386255654,0.10583070328478267,0.32196123647896024,-0.03549732912677363,0.21267817488449653,0.19115772658088986,0.14916861557725786,0.2068650894927229,0.23227845244653297,0.11092400938131557,0.17906142269937445,0.06934474153496699,0.12642417642783202,0.23843454441341766,0.17090469116038848,0.32078563165689417,0.07494789429503175,0.07025888510360727,0.04189874166325005,-0.02950843440364481,0.05638952743576125,0.30706830995343065,0.04013646880470801,0.2966849909159657,0.21258075360052467,0.19798309506065595,0.19267571569109593,-0.09245449619058585,0.16647403554117693,0.1886671417898817,0.14163979921247252,0.17382228509873615,0.24734495035540505,0.24276042255285624,0.20139852747685003,0.12818565717228877,0.19455987458764792,0.04151427168718445,0.25020073853831426,-0.047350967649014655,0.09557840890704153,-0.19437385246905037,0.2387063460228142,0.19133505966088052,0.27444575219693235,0.2433721927541042,-0.060788660220285805,0.13405359952540194,0.18709167550460554,0.24805256283389107,0.20913394062210997,-0.0796117785973979,0.30797030720275237,-0.03309787455531961,0.33833865846571376,0.2154244817150819,0.1927250115530872,0.41098704585255463,0.07602534617745604,0.12669675230662136,-0.14343480086837262,0.24043521857209668,0.09688355388435402,-0.11870120275562474,0.14248006867270893,0.3765618026334288,0.0014384208689045197,-0.12355498786571245,0.15488805340661482,0.08380867106258665,0.2734068880576463,0.24107079095661912,0.102108878613344,0.2120540763267696,0.23991104784158437,0.18897540609281963,0.2868275813772957,0.3523372487902241,0.2897439567213422,0.28781331739235505,0.017363727339514686,0.1866973446673824,0.14207879407843327,-0.1726995915656638,0.27914633165228503,0.19152542712157453,0.19419770723773697,0.18242471196215157,0.03364156567723622,0.12250663384804725,-0.1916753969814698,0.1991893376066815,0.2735410076083714,-0.049968324632823025,0.2344549234395903,0.12103528543554033,-0.04370835978892684,0.12137462671399463,0.2877100178442984,0.17983493576733617,0.27894085879809727,0.02882628107749768,0.27635941263618163,-0.0245680659899106,0.23917784026142785,0.32410884595466916,0.20099020825645514,0.20974369127530806,0.22041126900256156,0.23293620053788391,0.12541315599963937,0.10144704378282507,0.26620545936480294,-0.06079369155051786,0.3806691449885611,0.014688072499064867,0.1188978382310492,0.3503849681778123,0.1906427335460762,-0.17320973152792268,-0.04473647028675005,0.16917596557613448,-0.04524198930759012,0.20810226742242202,0.21173190336972164,0.22389539035125394,0.11241620225963175,0.07920199962966025,0.20220605547110754,0.30287373398549094,0.10325931968480104,0.270042682950592,0.3115899885321394,0.15449301211042216,-0.11674105666586522,0.05373460846850383,0.10146393752912336,-0.1848653747923006,0.002795487138625055,0.20173919925930753,-0.05619696107000283,0.23679416752953425
0.07849757684991099,0.08067834815585741,0.08721072988451944,0.2636606839746818,0.11276141871094156,0.25025352158602776,0.0,0.1602045510870504,0.00029557071147079167,0.3091571361353071,0.20622766754188876,0.3808648902826247,0.14276483601375656,0.12815344972461923,0.11487151872615808,0.04214935128282291,0.16968070943615185,0.12605147946947895,0.16926141068944103,0.04161449073859685,0.09751365454281537,0.2791842414544939,0.08163261694740306,0.2169810189806404,0.10918420105571483,0.10341339860158791,0.28597442744361673,0.06020626019447676,0.23080042290587668,0.15295261676223576,0.3417188936520942,0.2565415955952216,0.2777214028774107,0.18934328706613895,0.020547239301209514,0.018311416979413915,0.1886296197988192,0.15835155855486324,0.07425129326022128,0.06901280192723933,0.1575278750563108,0.21654742994193288,-0.06349426225792805,0.26908070028594283,0.2138425676715755,0.2706412037703588,0.1399275953603444,0.17330342738129256,0.1704201511015921,0.13882791466588126,0.05075532336777681,0.18971378577976308,0.012294417418477921,0.25748785278085257,0.09155307399737171,-0.017235841214408125,0.029946194963373977,0.36028254639294205,0.0751309625714,0.1295099753766538,0.06257764535137506,-0.00395382896658428,0.14827104596049667,0.2080314335366182,0.19560090231045899,0.10804294111018314,0.012745234254234,0.10783930467574597,0.22832989780487106,0.2612712487081823,0.13027194775123419,0.14419158477573724,0.1945992300026099,0.16570199152917917,0.03476757139087415,-0.05786177862417229,0.15833432109421236,0.17179697241237765,0.05388290792247531,0.20535615469445193,0.2958601043862648,0.21023801105878429,0.08235466199307882,0.11425799059000627,-0.011562524452034678,0.3105545222824111,0.22521157834478517,0.2278827121203071,0.08918829769964164,0.21940683504790026,0.20506261239512175,0.16466066871871682,0.14297843701920807,0.38440693357726646,0.32690664502385197,0.021850734877312598,0.16134738316765282,0.1484404123001567,0.03641602095821029,0.18078996810763417,0.21889464011988694,0.09927392011364608,0.24407933332622217,0.0200014255101151,0.25117899349410977,0.10525468065613615,0.18995432294951967,0.11545507875783843,0.26538862206979696,0.04918637703029782,-0.14408725125485564,-0.013727658945635705,0.41134440914499826,0.250758920165013,0.06504820697629675,0.2446131362204128,0.025950572596038095,0.13016128430859397,0.16519523172084657,0.10063943864179865,0.1906543961827885,-0.0012008472224525706,0.060756812181905144,0.030453968941971374,0.16382849768535018,0.29912960008461004,0.056238695991218245,0.3910366570112056,0.14553434185669198,0.35131416599455756,0.10762776915670842,0.08608162921539245,0.2082641206052831,0.19301852077962806,0.11707139328175381,-0.06461464063551643,0.0456182748155818,0.07376092370229378,0.1970195866405316,0.13832353908874748,0.4232414349129978,-0.026570261762469953,0.10779393596011082,0.06499038092240753,0.17591522925361666,0.2788442810689727,0.4019402455867537,0.1640110233293616,0.1860897541506286,0.013806467843382034,0.05309354264752531,0.2844753709682036,0.006141801598747005,0.09399390658316671,0.15198187038867528,-0.100878956749305,0.2063229982033817
0.16520924647907387,-0.048079624087115046,0.09230690140151257,0.27335595633228627,0.034279918960337386,0.22981053564559484,0.1602045510870504,0.0,0.018343969286270398,0.2362743825312577,0.2712085736590448,0.2333501028446557,0.21641885038772818,0.1446360275444715,-0.018240098390662436,0.02689289825442051,0.30876896547410687,0.11719896529251722,0.015127483621741948,-0.004087281767013598,0.34197749842228775,0.1849888608933003,0.1608434624417089,0.05944137634605317,0.06733570958032878,-0.04756768412377478,0.12482632786039015,0.07964135135059924,0.31246605404466304,0.10713197075722998,0.20646244736238858,0.15880629724090253,0.01969559148390338,-0.16591026451224336,0.04145585954201589,-0.1762964557422908,0.3483491878025074,0.08213637451015493,0.3140818481669573,0.10420089794278481,0.27155177533959035,-0.026765897869410457,-0.0757461749959681,0.28804231385065376,0.07928530970789191,0.09300254191411957,0.18659790016897812,0.194346524358953,0.09652728182145295,0.0782039045554319,0.3551605691585259,0.32986152480842085,0.09530076452915716,0.3439435088495237,0.026142593664203358,0.13526017155925898,-0.13410880606172848,0.14788485922832656,0.1397617969273368,0.424293945349879,0.10686156529453193,-0.09222630782564264,0.26137521043807876,0.1669846141880743,0.1549256412377874,0.2579666491431814,-0.06969346098493871,0.35572212248461726,-0.08392283219368278,0.11752535823254996,0.1756502623389554,-0.03338110264537556,0.27284760937394287,0.016834801771756294,0.24307976079609672,-0.13399750914717248,0.26632480413783044,-0.011225743821427235,-0.1473549240698098,0.12748605530364715,0.21883566258430737,0.2903321916599381,-0.1650798322977876,-0.030956746758840834,0.03165482611415024,0.19635760641081929,0.26231928788525205,0.3063212567368846,0.35459203560606245,0.40316387652426455,0.1074019733968668,0.4100591281417344,0.342461373205557,0.12290259841289512,0.3321496019119122,0.028268542240060104,0.17187341543280113,-0.045071045879828915,-0.12453140306293778,0.20854272716899805,0.19169198673227236,0.09272225438725978,0.35615957058735287,0.11358242692521285,0.0337005479588136,0.016104590622365002,-0.13840321439773073,0.26488414088717405,0.13034565055516456,0.22377081571543883,0.005578940015834231,0.022364720597311833,0.0529816075858084,0.22818008973999576,0.07386408792689453,0.39274404565925763,0.2755465241854857,0.4107062599658312,0.07472175236873638,0.05604905452870523,0.31226486586227464,0.0929382434557883,0.11490558701177919,0.23123160324868786,0.11664934106744804,0.23715968244875202,0.34685969376895015,0.09036005287796205,-0.09606732123507018,0.27039398885056487,-0.14592903120454437,0.02458800973483131,0.26004543257473295,0.24625145478028632,-0.05991987693832492,-0.14379494398465884,0.1468808477074854,-0.005921409792429367,0.23797928865342,0.20470741555617306,0.23674364048269103,0.350999365424695,-0.07251857538103605,0.3303530483509983,0.4015443079236513,0.08652458739265417,0.1727552969348804,0.14000148083594732,0.22604107851170863,0.03833579825397163,-0.12565676241317014,0.09676251635905823,-0.12000477409248524,-0.12254828339205803,0.10387429011712451,-0.06985159758388583,0.31934585664822096
-0.03193862378277146,0.3264190827119088,-0.07035309344085906,0.14781114809639512,0.19802149525472212,-0.2039031107506784,0.00029557071147079167,0.018343969286270398,0.0,0.03144643841163945,-0.10235049384584594,0.002847219405129492,-0.10997752625265929,-0.18875398334138932,-0.07092965573734751,-0.1477599839820863,0.0094388481104564,-0.11515831711586973,0.1860915552993696,-0.037402703885043916,0.07799954904234518,-0.04591444903318553,0.043178732170296844,-0.03775825954475703,0.13499662018883157,-0.056440229012331075,0.13073989737962136,-0.13305876147857262,-0.018275950857229065,0.019126185760799542,-0.0413322821634982,0.17174492887477275,0.06175363650577595,0.006116597184310155,-0.07317122303204716,0.07162683896383469,-0.062171054593454775,-0.005410698325994407,-0.07324587379638695,-0.11533823500283974,-0.03391818551285644,0.13797283847136915,-0.05445712300240957,-0.034622813696643356,-0.0065185525713376295,0.21067994954426644,-0.049029396948991374,0.03352191723320376,-0.1516915648416211,-0.02262912987817775,0.034299429689273055,0.18850814851503686,0.09083585348917912,0.025551130083303134,0.016117313498251934,0.007196509995325193,0.29146722766767424,0.0290431906272534,0.14086208760911595,-0.037085234276517415,-0.10223817707100286,0.259763818193743,0.12814509303431357,0.060934635367284565,-0.0967936227168481,0.05118736216579753,-0.04535119640027176,-0.04790901755454232,0.15644725984951208,-0.1374155457108209,-0.021488598838190192,0.02768326136384027,-0.11597003053792344,-0.07368203331394343,0.06387573449927399,0.23028357090018783,0.023617214946595286,-0.005006419169348203,0.2323104317560217,-0.21523757992258458,-0.11719875190174461,0.2292916464571557,0.09730889396772306,-0.054369024431036486,-0.09620806942976776,0.010771041584345404,0.041889770116212935,0.08957417674893421,0.05657438797681245,0.10074427079291144,-0.0724470625215923,-0.02973358892617591,-0.008976334346777762,-0.012957851465619423,-0.12961902877299628,0.14494028206166693,0.03490147013816333,-0.05311596836397775,0.2895665669395595,-0.09123478273483313,0.10863230683992162,-0.09020237063395252,0.08662180246589339,-0.022840567759953828,0.10348599753610721,0.28982584224558733,-0.10476224972397326,-0.03778503450617876,0.17583270816549204,0.14890289592398545,-0.10046905481761476,0.09723184945584366,0.10027343237402518,-0.05198246312637639,-0.0391911413926112,0.07279129905686714,0.2315140633490067,0.028827130598874026,0.11404591402071258,-0.08300579238564279,0.04330543577003881,-0.03889076568588282,-0.027065176056216066,-0.08147172958649662,-0.019294326165620816,-0.06994431987811468,0.07602029870617966,-0.027763228182831775,0.25728737598817275,-0.14292712091646306,0.20908328773733556,-0.08447903378042558,-0.13027665905919314,-0.010480408051717483,0.29013529800942733,0.1831653147828199,0.046340634455682476,0.08322435511391664,0.007300378371502962,-0.19452969374818077,-0.03211141227329412,0.030351358371016966,0.09032074011795818,0.08948556985660763,0.03606403339457755,0.25240310507350294,0.07164874696814792,-0.14420139837157508,0.004184546089146283,0.1020218876882409,0.19021179563449409,0.2142256716831719,0.21924868193602476,-0.03526521522819416,0.04247888640990526,0.14618162337764107,0.08826920912013426
0.2144506554648784,-0.04064446604356944,0.08915221228151166,0.276618638115447,-0.02000229906292916,0.28853404883053135,0.3091571361353071,0.2362743825312577,0.03144643841163945,0.0,0.14347698089271424,0.3512976694236237,0.17422096338768284,0.15476475017402316,-0.03848900031778387,-0.11030691819909592,0.05621364241354365,0.2985538969337548,0.001601702276393518,0.18536843804426406,0.17164227175290275,0.2535047000952392,0.2433071540940298,0.2433141596368817,0.024656256326374273,0.1677664125792947,0.09546583373752912,0.07965828021046595,0.22436769113313842,0.09449238118134756,0.3644907035470898,0.21050372506624604,0.017082151425506793,0.13367116174594895,-0.06188073509758376,-0.022953592896512512,0.2661695667944637,0.009801908866046585,0.23850814684535285,0.1399752824507309,0.08144547340101996,0.23470676912165686,-0.183783005917641,0.10223562176072527,0.19417863924134895,0.2592661628402607,0.09024078126622181,0.2883071268016728,0.2623209928988534,0.25821690282007226,0.112453802980719,0.2660410800975945,0.03272761781454167,0.3002782098288154,0.027545677468126705,0.019799395510627725,-0.14337900072462198,0.4032147664582648,0.08927553672351005,0.2199123612445906,0.24620016811273487,0.12048700035284694,0.09122149034155472,0.1259893109235363,0.24518425199142166,0.21219675429017326,-0.06707967889677266,0.28659954613320215,0.04420028590187398,0.3165653936864622,0.12408972420635496,0.23602587821853818,0.28317551605038505,0.14064866176665597,0.17247662640946515,-0.09714361582429457,0.2887278319584363,0.2031277109265103,-0.13846537142883864,0.09224602116460746,0.3623329968060419,0.15526623364279693,0.12892328818976484,0.2566473100191566,0.05292634999525209,0.3091823615870674,0.21546127168527135,0.1120378317134691,0.1765328647316084,0.25965548533148086,0.17646913477076928,0.2627301817897017,0.2673220774139616,0.38789011606886203,0.22177999099098794,-0.0070987558051606725,0.23260818614167383,0.17920533014958764,-0.08309122517673323,0.23273926393142907,0.18754331280671166,0.2481368230362665,0.20422392598003564,0.07399878345829654,0.21757958882399103,-0.09528673586812687,0.13169543068133663,0.27112160709235805,0.03988660834591781,0.2230855477464358,0.06970613126648732,-0.0983631899877401,0.211479372702878,0.2765555490266609,0.1865563573540557,0.2804651969989695,0.12939035759900813,0.2750252976966464,0.1328366166881566,0.22489584695111925,0.2855374139522571,0.17009500724560953,0.19767139740737774,0.19255188675581328,0.2875768169331763,0.1423287544079994,0.09486046764571884,0.36164306289122383,-0.017969969287959176,0.35357135882366747,0.08375331864701323,0.12624820783698426,0.25762574208894023,0.23609918146449815,-0.035878270880109,-0.06382246791546267,0.24117827102897174,0.18861932009121637,0.26954224267446436,0.11158248517156336,0.2321766063792554,0.14431573923334132,0.2047744588324027,0.13030404899484296,0.2872561293716627,0.2403336845718575,0.3374766732280096,0.20139371297372788,0.28506009332406146,0.011877379266363917,0.0850343473241662,0.19491194620748653,-0.08240802835738238,0.07491247641196377,0.297502531256071,-0.05722760752904667,0.26077618824965987
0.08464510008353371,-0.18418289724091594,-0.043038962210792474,0.07218865733694506,-0.0986444154578546,0.24448344764525998,0.20622766754188876,0.2712085736590448,-0.10235049384584594,0.14347698089271424,0.0,0.19560971696168475,0.10843640137287815,0.23451621821121696,0.013206964281726038,0.00481486748913087,0.2792748976706411,0.13222267850228006,-0.17906407442107733,0.07244962698284131,0.09791757447463076,-0.02561715835388352,-0.04391795178358806,0.22435017889156433,-0.05912880325124314,0.027246557033835463,0.10565795028967814,0.1922910581791219,0.2108280009693034,0.14306258046114478,0.22295943185714406,-0.04083657166969784,0.04868626712711496,-0.11454553900128607,0.05321201620366959,-0.28153429604688335,0.29512202791458325,-0.09938975532096955,0.27743189871736446,0.19334636183159254,0.3366699499621347,-0.12491003915663537,-0.22402629301534763,0.3167664395468361,0.24525100739332237,0.16116385961901186,-0.051444310953258035,0.11023939401620471,0.21265294619748024,0.08814511348188077,0.11059193867777202,0.21463889278658818,0.12428669809133942,0.1754317057587717,0.17641305697221463,0.2526708100147392,-0.16598683332112113,0.024067080851797516,0.02933899808465509,0.3364692357089168,0.02631807779335587,-0.260100782169329,0.11556186433379158,0.30428131294702127,0.04402177811739671,0.12798004804331567,-0.14797990373692232,0.25777011095152047,-0.1273425224387528,0.20802871188107908,0.29098642111077755,0.026534591175136953,0.2755168720540119,-0.00010891047677726604,0.19980168376548715,-0.33807622282003613,0.005898223243092822,-0.15569215766307154,-0.19066380173000563,0.16274661927807282,0.15399515483788087,0.1112616792485214,-0.18687511446597105,0.02825428629781835,0.007166081219510884,0.2977183911748268,0.0821462040599054,0.20491953821880018,0.24920170214240192,0.17824227273521034,0.019683107999884795,0.31809853561368273,0.35697813739375733,0.17344310061078397,0.30445298427989603,0.023034945198064444,-0.025262642454578033,-0.043424556032939744,-0.2494709556337538,0.2745911954102692,0.3130699584060957,0.04404090100982219,0.11141408180678408,-0.1588393473931012,-0.08981749929957411,-0.04170612832567838,0.022407839891360654,0.1107298223188773,0.07523280242536277,0.021243713285905106,-0.1259123774286105,0.062305887120685376,0.09033090980696656,0.15202342306323233,0.10876986813760553,0.24981980610468035,-0.03299305897591879,0.19086739004489772,-0.02790540734677254,0.07561612975236197,0.22318668273733328,0.02207333657122266,0.008787467590952435,0.3267008128504832,0.007610706957638214,0.2330856308085617,0.24129133439898307,0.0766987354602351,0.005144083393301569,0.2732962457124955,-0.16261462944862146,-0.08618117723189482,0.22665330815407608,-0.06054432016269853,-0.08697004645529319,-0.30947921304344783,-0.04141484285624538,-0.12701594513749867,0.31832000580665853,0.17772818860494624,0.23252991113690744,0.3030493425627406,-0.1342835172835679,0.17174417715965978,0.20489570177084027,-0.10147187596425628,0.17615481379130185,0.1384077521788116,0.07107886868913985,-0.23447104424338147,-0.21978242060824774,-0.031009715622314474,-0.18216506843778116,-0.2586057085830943,0.024324456024382563,-0.2580232987574707,0.12168092133116723
0.21765829416445234,0.08820430290919891,0.16674074465455715,0.29838435586041256,0.10361491041964117,0.3363439562040664,0.3808648902826247,0.2333501028446557,0.002847219405129492,0.3512976694236237,0.19560971696168475,0.0,0.28128367507721697,0.1684364314420176,0.043864854054387295,-0.013292920996050932,0.06904082086347124,0.16746836565804088,0.12279376254230186,0.10539045972172115,0.13985955300588196,0.25859102680532847,0.277812857245679,0.2292472910600734,0.0787519906761636,0.19089376467844898,0.2262798352290416,0.03535363696212171,0.2903507863161969,0.14690604666812118,0.38272343001166625,0.23499303471483665,0.13252875624518848,0.10234963205085804,0.032904809521250696,0.04631741052467189,0.22888404345545305,0.11682373558202622,0.2004241530612469,0.07222342723024178,0.12405885337164323,0.2858748456378818,-0.006253949551849369,0.12468250421706809,0.21790762328349392,0.29352096493601826,0.19436842950832037,0.3039374479248919,0.2629068036425423,0.2367039388449136,0.18114915983712448,0.24390730766564364,0.020179277305622113,0.36426160788201467,0.009988053999206055,0.02810299364732246,-0.0591186777370209,0.3720587672996898,0.07597678976193653,0.19315777937658696,0.1428383944875255,0.11249358100479397,0.16796055833835924,0.2328204372580158,0.3333163999711229,0.276833916060447,-0.06419417661647259,0.22920250272378875,0.187496562957452,0.2463667940536637,0.17760713966736205,0.18568391143057275,0.28863592880219113,0.07686272514415605,0.20794018327455233,-0.040941451697902996,0.31817046911505625,0.20831939950841113,0.02239777842432087,0.14821687647625229,0.38250696216084384,0.19232464416611372,0.03134943965019083,0.19606667538013017,-0.04569105217410789,0.27565748363093084,0.27156408114169994,0.19083139797081283,0.1869369821047115,0.3050989979457037,0.19149008390085978,0.21082231206361143,0.23459207075571262,0.41599138514344874,0.331329832160613,0.018987920916436064,0.23215460817411884,0.21995445841519512,0.0006158872112402272,0.23216740753103635,0.18973604975066097,0.14747976656267173,0.2269382449470498,0.041356514578120104,0.31262510237702595,0.005905234054748961,0.11218300609791225,0.3144352404714391,0.15622182523738434,0.18717820727593168,-0.06325312771218877,0.01772583243199591,0.29689412406640747,0.2966898012702995,0.12871573075642043,0.2881820082028421,0.10793883945928182,0.2804346775879249,0.07090778733241046,0.13736997153917616,0.27948955040421813,0.16981985212068687,0.16704788506420465,0.1752039498891444,0.268956973276567,0.21397833698988353,0.08541320158527946,0.3753487467979184,0.09484003764585555,0.35428534698762854,0.1374170043597125,0.1810271084518622,0.24438257432345017,0.280154697056374,0.05088196352596016,0.01792176384091357,0.22596379272033704,0.03576179377591302,0.240345194298275,0.13478058205982218,0.3132136419012715,0.065834303819909,0.11312398129242972,0.1329857993917539,0.3009321356872062,0.30977333078821306,0.4378306601901555,0.24639286856255632,0.18996857567372094,-0.12526648098057702,0.11653653147376634,0.2986562925737276,-0.15348253772505177,0.020191558590847546,0.2137632132414315,-0.1216387245217037,0.2932280624605296
