0.0,0.2127602762559133,-0.0006329456247249004,-0.014042159043572795,-0.11023704066518865,-0.05286272064394522,0.2175785832081595,-0.08244754427247825,0.21728456937113116,-0.03834371418404322,0.17749452890562015,0.2453760259350614,0.3442104493727678,0.335490869191606,0.25832580765400137,0.04907995878761641,0.11426818375942341,0.24509345055528195,-0.04564715056420339,0.2270678438612888,-0.06334619562400833,0.1988591668489538,0.29922366080336,0.12690740527248134,-0.07505340920850075,0.32700435192892835,-0.03438175074980763,0.33099113832088817,-0.03302803417656127,0.09496064014301175,0.24670820950669553,0.13141777815500974,0.14106672302880824,0.09915384768290235,0.21165434031243185,0.02077202167102531,0.05848816206674743,0.2552013338681068,0.010802695507042059,-0.11012328678901412,0.05286430903906597,0.20279139636299046,0.12164049501531253,0.22499442307307072,-0.011311046694216292,0.1529489781701906,-0.06317010245174769,0.322819070812744,0.29774112962691973,0.10560432780332078,-0.10121648802614663,0.08987100665276322,0.19455083505670945,0.2562272250596752,0.04254279550909191,0.2343669532468152,0.08682244522065508,0.08978444091886403,0.004102397777826738,-0.016734917800311867,-0.12451173553784473,0.2325046884948203,0.0166228811884171,0.23675913640219132,0.257697502570535,0.10890973075069255,-0.05259597180580649,0.04817667792258451,0.19205453148651103,0.22584717378888478,0.24082070335521988,0.28273874880753935,-0.02789978762491745,0.14215740137112307,-0.10860133228160664,0.2203082871007652,0.30938454900143475,0.31195216813856136,0.12083066998920852,0.07484340877314868,0.20941628458306877,0.14411439336517445,-0.03962484670042086,0.3277543068183915,0.2556301582583797,0.23388577603577834,0.0795905208924719,0.25938038758303855,0.08820811931302594,-0.1693526030448967,-0.06500351820709116,-0.01104662657127361,0.008979275473564054,0.3194802408423457,0.0018440259650945446,-0.022699881107474354,0.3522571920157938,0.32696076505530575,0.05739954229714113,0.04302170655492941,0.22074120641504127,0.19791946415461917,-0.18610516330487042,-0.05269167767626329,-0.01707439028292198,0.13087477971392125,-0.10816123477901217,0.15195328640133093,0.10491183776346698,0.07320780622582453,-0.17375333276484217,0.24518226284968153,0.2730226791618385,0.2498599329976082,0.25847762151289855,0.14726726171850382,0.05047522450483759,-0.09372588750388064,0.039174795434796524,0.23128431566811442,-0.10947789953968398,0.061957789806392945,0.34169953628606226,0.16779953867644795,0.2967345662885776,0.263686944808911,0.19585285626917304,0.2598533341273987,-0.12930844779074024,0.05956669321571122,0.2591624779928604,0.19013021491164084,0.1716276401562598,0.035990959051929276,0.15861221809143708,-0.02136610627907874,0.2020332349560436,0.06173998911789156,-0.014696446679357024,0.06700769225402638,0.17964869050249843,0.13897556054336557,0.12110719966673801,-0.02653920526307643,-0.08151820362730056,0.15999978061695153,0.2724414485735546,0.05358369293442337,0.0978086703690365,0.05950525403143331,0.2018624510868936,0.01355984626643238,0.2474910944384091,0.00895230120269414,0.22073223465647163,0.06588365869804404,0.03232036004863781
0.2127602762559133,0.0,0.25697439230703756,0.20757766196669486,0.07283972949045825,0.10648805034578732,0.18461370295731575,-0.12467190286855757,0.35589681126270983,0.2589815470825104,0.08837546224133135,0.41145553361918963,0.2992750979908537,0.24477431511856396,0.04632929748238848,0.2582767668622251,0.12394433891277136,0.312084430905933,0.1658739631047572,0.12162472953017633,0.13748761183197322,0.12431099999902523,0.22562355802871423,0.321923529238143,0.005844250063144172,0.33818224771135486,0.3108376594619459,0.26036246206169794,0.16124514512616417,0.003678945808612037,0.3312403450238825,0.3299882698711715,0.21126639824309226,0.2792170567379835,0.018048134418662154,0.02325706081663461,-0.1259039286749193,0.0602124324596357,0.07830682812605053,0.2197968649388609,0.10759592161044064,0.2748297162928758,0.14941851949006743,0.2191011258526744,0.23665335247079236,0.3713053477316931,0.06657571633423441,0.187520135231117,0.27705833206678804,0.24899217091361217,0.18662174682237523,0.17547929310204471,0.08361105461677595,0.3817868620040527,0.19813482299934723,0.26121893590983275,0.184162615721941,0.2352620638201175,0.2069851182310601,0.02841021553771999,0.1323999083914267,0.37614554972867875,0.10673027383871247,0.05877108253284635,0.24482716380873756,0.2212438864154743,0.18442510481989435,0.1037526423960019,0.3000029463228384,0.24339856564741313,-0.036623830403399664,0.2630029371688357,0.16574413686739203,0.36393004661227524,0.17839651897397776,0.23482260134468136,0.27842448111421136,0.31850342139440707,0.21375603926368966,0.21508312044929967,0.27532722943936183,0.3532724316867681,0.15501207855879168,0.18293685458183076,0.3258358519297495,0.2835830761116481,0.08729995765388926,0.4253455647599043,0.20146487227197127,-0.003391474021676073,0.02373640605685876,0.054703073344731824,0.20362805904761763,0.25144011088401214,0.16265740448528385,0.0161180519794578,0.18072041864246804,0.33157480251136634,0.2699349036438648,0.20043262445446713,0.003282144163721587,0.21737843686716826,0.08048516110766442,0.28929583674337495,0.1255693038615175,0.35398231940617125,0.22004438437426405,0.271752102713942,0.20043123295381002,0.1834751712699933,0.07009946987485076,0.02333570725753005,0.25397598558498075,0.3305089945167763,0.24219530363641198,0.23218935259621212,0.24739437037569956,-0.0404689341759932,0.19606582418858137,0.1745196616433857,0.11826188432594288,-0.12437089998391539,0.11349730135307497,0.1894576940876662,0.2914714707836479,0.2726285557397641,0.2512614888813586,0.26426263593906457,0.20432054534803645,0.19011313749378705,0.21887712243488466,0.4300105461426872,0.1810331113385568,0.23161012528821268,0.27631458465871506,0.2396397571436122,0.10659336216691055,0.22380414156249248,0.05238746864511582,0.2533169435429475,0.1805596176663681,0.1779346896706439,0.3399836968720293,0.12580962920468558,0.16930594529688908,0.3142691203060098,0.29771800365512596,0.15431046092666498,0.23485588155240092,0.07591525453821184,0.3827701838575132,0.238322123293996,0.1370225008098417,0.19656834426775938,0.29422723940645346,-0.010307758265104692,0.29216199497038126
-0.0006329456247249004,0.25697439230703756,0.0,0.279805848159284,0.262052296692419,0.3047105798353593,-0.07211839615512511,0.057997158751699286,0.10595955338573043,0.32792077738209957,0.08271292340519658,0.1402908008272854,0.04658742465394611,0.009132034842329963,-0.1131088736899876,0.4386025885966663,0.2120915258261866,0.15568950579520519,0.30339196962128046,-0.0008853037053970421,0.19981441532027625,0.09603583000908118,0.10652303729960082,0.25451856978700266,0.13102635838336368,0.09345987644531915,0.18709024431005336,0.025675479179362505,0.32968769637699474,-0.05122772677849352,0.09482658207262692,0.13423375014574399,0.2279384291211452,0.2675252386061399,-0.05612682223407978,0.1321308450924793,0.1561952097562599,0.05741064313395668,0.20647708177234608,0.4466771421156196,0.22639275619585847,0.015368446776450799,0.37849507647900177,0.2333546060093569,0.28130528018240586,0.10256796777683697,0.1619657052523332,-0.0015307647599568453,0.1407293679318655,0.21085332670434653,0.292393084614489,0.23018112323759135,-0.07634396735810225,0.24778295192201988,0.4001551987408999,0.09302742440576442,-0.05960887118163347,0.22967731398279292,0.2308521037858022,0.21783128943361016,0.38412938916856787,0.087638756183544,0.21213942976883957,0.10853534682779976,0.10781912404693487,0.23521587377735728,0.3983415130479457,0.18985994029007636,0.2093132569051363,0.055453882044193,-0.012452985808194492,0.0489673953261313,0.2592368060959658,0.33760073912621996,0.27152526331176474,-0.06277559048679614,0.09161304502854559,0.10314335171472162,0.19327572042958857,0.39199276033402586,0.19789543048291672,0.2008092247956698,0.2504964446979919,-0.04791299429403754,0.1037342165031983,0.13569648657220096,-0.001608187549582479,0.2384027905311907,0.20287962604618462,0.21755668873981746,0.07537437829112789,0.1882963229713341,0.24345445529658874,0.0711147505459409,0.18306375103110914,0.05653015023682385,0.08569213053165434,0.04357315455457133,0.05708416138748573,0.28582582680958013,0.11671771840190782,0.07898316435905768,0.24887466270288353,0.3810858729896745,0.27267561254283273,0.14837839126738833,0.42686955119278364,0.22160384037516934,0.026654038263640965,0.21162776339425804,0.2599662744353683,-0.01630052464256877,0.0699882720385009,0.18186047090591478,0.07719023413116174,0.22054267723822674,0.2323338898133967,0.1172702851827977,0.07696020804805999,-0.019839465780017215,0.22916664329263686,-0.1221439510743842,-0.052936601922439125,0.15159282106672867,0.12950502760661592,0.06263910826914781,0.21150060032274545,0.008459207344177298,0.1747224756828582,0.19638983539537547,-0.08390529496859524,0.324331388775566,0.07243301397573333,0.25165891847250155,0.04547036678656839,0.21682067656369386,-0.007665828889055999,0.3515200800708116,0.2402237862378322,0.3492502509520053,0.01485794313078649,0.15689931128309056,0.13099760642176395,0.26777704584574935,0.3343775804221689,0.10250137416655414,0.03803644626062518,0.17969543176088493,0.08695739443769715,0.046512351671372264,0.172343740874141,0.1648678063071184,0.0785696395025085,0.16153901963773076,0.1368350079469488,-0.02264871520720554,0.2889900970319556
-0.014042159043572795,0.20757766196669486,0.279805848159284,0.0,0.32410332739519,0.3095232909119939,-0.1562234133733738,0.20212770633926194,0.029534573354026292,0.15541321558601898,-0.08926811492055636,0.07924702556268018,0.0893838412847008,-0.11335174316117509,0.005732745378954641,0.18250835408077767,0.1095290497026873,0.24052547014464729,0.34643679885128503,-0.09715718611741034,0.40187320407175214,0.012721584499453646,0.08067001804503193,0.14009222122918213,0.22641012955726647,0.11350039895553982,0.28175283834246084,-0.15035672341552073,0.3565125204442341,0.02889646427356507,-0.034344719082367164,0.024710478797052793,0.089613858853489,0.14941718388876918,-0.052632124692832453,0.10086440435822652,0.09501711201420399,-0.004222538386021121,0.27030987487386715,0.29119519546640826,0.1467513018728391,-0.00440847580175381,0.20487009303178627,0.05412402804820907,0.23402942655568648,0.025630215416779015,0.18378170955577547,-0.040734387881515205,0.09323800923686193,0.3270904299762046,0.29021962516697153,0.32726539620171624,-0.010814315394759971,0.2258650991631229,0.19604955948694475,-0.1492962541054184,0.04495888369531561,0.2056274794686873,0.1934933046952697,0.24357998973345996,0.2405183956924238,-0.05781354278924595,0.34430457166954936,-0.006920520215842484,0.12271202570975862,0.26547960113310487,0.21832872245080584,0.30232949440898343,0.28742876427018466,0.056507897969702965,-0.05653784388889194,-0.11126038972083765,0.37243995404518926,0.24237973143193278,0.21783788410911273,-0.1453532106234381,0.16127834081772527,0.13898997140057143,0.17562068609905182,0.21179799023214213,0.13079471545461224,0.18745694097029783,0.10214755425603633,0.008575999440986897,-0.07676007951322181,-0.01999626909325389,0.12672833383750062,0.21712939208130055,0.14311297618653346,0.39718310003445667,0.10919878056211467,0.28962058254941114,0.20562111067308236,-0.009784665634475952,0.30394991149517414,0.15521933183352019,0.1576964802715429,0.0698397844780529,0.16512056549219942,0.2926122571198089,0.05228536490157434,0.0020065945110950755,0.3384322326219288,0.2772036987760583,0.33510585710179724,0.1460869460190456,0.25204878095608835,0.31917637935591125,0.012515661901947327,0.35512711594339513,0.11643602562587749,-0.06662557047823192,-0.09089229932022999,0.291805509410271,-0.13120631218539833,0.26389660006852406,0.2911696788420773,0.15340942399888108,0.059501775699158606,-0.14957324186399898,0.25520544792164246,-0.034221692530448704,-0.015395878972655734,0.06496900059523046,0.05295136898750773,-0.09433188711415147,0.07069482763634305,-0.10026321498835815,0.14771521696217643,0.09932196554164739,-0.01393295838202355,0.23459650100271856,0.16496224758727432,0.3657639428605142,0.06730815299737813,0.19186621704600776,0.03817933853552623,0.2627985803816326,0.24419286529742454,0.20660963658445491,-0.036978160337266114,0.05121544978451629,0.07255980224242577,0.3907909657586241,0.40092616300373896,0.13780050560007867,0.12073479471670627,0.32980239328146627,0.2327195145411587,-0.027805475906665093,0.17336512469167534,0.23032701177386203,0.1452734100611091,0.015577729121088449,0.10478280138816704,-0.10841271590574737,0.33777252076491826
-0.11023704066518865,0.07283972949045825,0.262052296692419,0.32410332739519,0.0,0.3584264593311181,-0.2422031189231482,0.10371719171117945,0.010466896524918251,0.2612487498835764,-0.2053169674572909,-0.07137783999657456,-0.04279007563251986,-0.28668590538775507,-0.10886449012048749,0.1700746020618533,0.07982184717458506,0.07254513870102121,0.4388068568150451,-0.17383516880878108,0.2354638807885608,-0.10291051783195042,-0.027048174651383917,0.02536140105784272,0.3780148311689522,-0.004872252167862628,0.3111582126974403,-0.2785253978286822,0.3151951423742803,0.1766375282489355,-0.149066063289606,-0.04702179128173661,0.14329851354420062,0.16031515956315015,-0.09643800689880869,0.28680539320188275,0.14377006256161573,-0.04166786452888317,0.14651825444258354,0.2593855559194356,0.14083180393995218,-0.040578615434631544,0.2453765829860907,-0.03659560243419119,0.08287249166194548,-0.04407732686898663,0.14451156584757105,-0.23012502705099452,-0.15097070094497275,0.17471901397981363,0.21928593740894087,0.21817859836531253,-0.020583449796408703,0.12605367180202506,0.22665867313732946,-0.21829700836487143,0.0915608735012202,0.2195395440615352,0.3395598728579027,0.13854965549546674,0.3050205021205237,-0.16262150964224517,0.21000449939167481,-0.11334125893999433,-0.06232713593615566,0.09247503153342274,0.17101120184243762,0.17300350781541435,0.24113834060879458,-0.01155764399781054,-0.17065990032701273,-0.24442673761842418,0.20688344141882842,0.1768023015231969,0.2410782203954139,-0.16766778667801935,-0.001970589341226873,0.11180346655516257,0.31453537607963394,0.2671352076857693,0.014327922251283109,0.12453395090239217,0.16622884283684342,-0.08181191657650401,-0.1446205815237324,-0.18907371286926158,0.020886979601609516,0.07675569252500594,0.027353877243234855,0.33063499773815325,0.009749411439977719,0.13508717434695675,0.15949818665911927,-0.2038003798867878,0.22130309312545202,0.16689652118856177,0.11483244312609636,-0.01255589060357223,0.22883663922868028,0.11342890216612274,-0.03118271095877446,-0.03777912234278312,0.2584457080701717,0.19234115641293492,0.37980972934241103,0.08835580881729385,0.3129462079531143,0.16941496840387973,0.000542632578594607,0.1794780993231138,0.2807083001656157,-0.1874313117001468,-0.2200620009455145,0.09809694288281713,-0.2720983942600504,0.085631340218151,0.234108623236742,0.12282524227717152,-0.022048859065690277,-0.19112504659590696,0.19215080504717968,-0.016794923456594474,-0.10427593439680256,-0.05170972125624228,-0.08011934854901091,-0.22949319397198722,-0.03289327807850751,-0.1904820767895116,0.3234775875481785,0.11664098547592389,-0.14221848718138763,0.13960576266173136,-0.01665998004598846,0.23982126201071943,-0.04590006938670011,0.2985549986712879,0.048131568275078626,0.2738604362109027,0.2484671532284404,0.15618717224954717,-0.12662819090913954,-0.07847352560602741,0.12720142516297547,0.261731597644214,0.2868410002108031,0.1920547754740537,-0.06280490582950649,0.16357471556950906,0.09151291910348727,-0.034978040578482306,0.13615682720642333,0.3089552151985758,0.0074292185969565645,0.03643341647086775,-0.01882229217533347,-0.01696685781881761,0.1570698797114072
-0.05286272064394522,0.10648805034578732,0.3047105798353593,0.3095232909119939,0.3584264593311181,0.0,-0.2164362464795337,0.16134882898311914,-0.06660062592551383,0.3080689511868269,-0.05461682858463984,-0.031018239972529518,0.04689142943571756,-0.20720857256258174,-0.026443159523298836,0.19253194809236457,0.248631160751864,0.19341103812437924,0.377864996269144,0.001746307183532795,0.28456464480954463,0.09953437202431624,-0.041871993129975124,0.20043287521336642,0.411877207705429,0.15315022578908613,0.22070695871663912,-0.18627054736666088,0.36230629612000026,0.052883737551312565,-0.07383749900391233,-0.013975391538470532,0.22008666977142102,0.0888878520773147,-0.1105192964485843,0.3306335776458706,0.21832118590845861,0.001754651522372118,0.33563451387792237,0.29913855596631056,0.27689030203486426,-0.03431132488185627,0.28490882111904986,0.16397350767530947,0.286278940984333,-0.02886000607264273,0.17789317775625793,-0.036772496758057174,0.07636415832845249,0.3759026692930273,0.34466585680935624,0.27712844897367445,-0.13431539338546483,0.21035887650219448,0.18636687608571195,-0.12464899874827834,0.019333656221544895,0.18556899931253343,0.36441380458016864,0.3286556906391187,0.3776231090880898,-0.09775799390432452,0.3501010672777567,0.008253787870945373,0.1402549458378432,0.20294989707209538,0.15215497588726845,0.2270472344541597,0.23684582254327385,0.18730114585278437,-0.028473639990692596,-0.13014922283261712,0.34709229061983776,0.26083142140336285,0.30047873530636104,-0.1346379770316263,0.10079048127630466,0.09036335290460842,0.26171426478505355,0.25429392746530527,0.19100287740198227,0.03247314712574675,-0.0036798894793719557,-0.13624866062535976,-0.0595715090461005,-0.003935149803440345,0.16691045272604874,0.10265084366844897,0.2153413050413635,0.3384971049840835,-0.0009405561709918802,0.29092258443911073,0.2942855425513552,-0.04907443498774485,0.3406085911085804,0.25462376509419,0.062424413628061344,0.08531131074165917,0.08699462449905744,0.31695439195092584,0.12401144605367334,0.10979809977270309,0.30780962382460525,0.26066920088825846,0.39612511177766213,0.007267685765948442,0.3460993570461889,0.25986844277475474,0.0249123431875319,0.19307711309139064,0.2821053123047799,-0.15528637931425673,-0.12420867227813509,0.23739964083950862,-0.16764011862980788,0.22344124421895628,0.2778241178830656,0.18883645042661765,0.1706799979733956,-0.03258861912899566,0.3357824173107152,-0.0745220896303652,-0.08869752675936714,0.14189807930839643,0.09892734884781858,-0.17303262862305122,0.1405963799196383,-0.1559308020671096,0.2390862781832725,0.22350099310844396,-0.09188719933797158,0.19947592413898785,0.1992786049504722,0.2015543523765193,-0.10153913876986555,0.3117830085066354,-0.06961859640478951,0.21338952285031274,0.3541654089068861,0.14759265884087377,0.015885383169051255,0.09486208084218221,0.1225140755738217,0.3318775933317212,0.37486846280231595,0.17511358700205729,-0.06767238378345566,0.3250928537712016,0.08617971439450309,0.07600029506142443,0.18901303091569813,0.2773053523882281,0.013427988284672293,-0.02608489160247408,0.12426032234966151,0.03288103703781132,0.23297080060995637
0.2175785832081595,0.18461370295731575,-0.07211839615512511,-0.1562234133733738,-0.2422031189231482,-0.2164362464795337,0.0,-0.31210574862927565,0.2646421205032212,-0.05455854585544885,0.2718907554481123,0.3292048317853459,0.26465152413177706,0.3834006160373323,0.1999043082771657,0.02656298831413848,0.11045250950894277,0.11861262070252913,-0.16468717214652454,0.22970395982809774,-0.12598863017442247,0.2306857266233096,0.0799012555100372,0.06933930907634361,-0.24096767685398732,0.17983606186765178,0.045085963350320994,0.41470151985980197,-0.2564242219583279,0.06689454066626026,0.39740021828842176,0.24571702707877638,0.16068891808941235,0.021288208894241586,0.27858478982890655,-0.1546082770727999,-0.24425704951881208,0.17390684878731397,-0.14751310131351972,-0.0920657722411685,0.06446077332830802,0.2835600859123722,-0.02089551476373073,0.1881416257540781,-0.08358916913963954,0.3575192180119078,-0.20970452845428683,0.24501571846870965,0.1986563797130584,-0.05277592852630528,-0.10686027238920802,-0.15530277356783695,0.27619201939184956,0.14387708185822354,0.009413477095404207,0.3764082119480306,0.11978158958782519,0.03475031132453053,-0.10679597871702243,-0.19601590216398004,-0.1804329579626473,0.3677237542535605,-0.07606974576792047,0.12962554274243684,0.15688477949319846,0.01974463951285167,-0.03182412678469753,-0.20877449940903126,-0.05459213925853223,0.16807893653209882,0.14390473207252438,0.3820275505514606,-0.23597151306481692,0.12279595882884024,-0.0979209960114618,0.3667385077879281,0.07325472968351471,0.1512083400168642,-0.0269818178851114,0.05767132465956043,0.18641743718082926,0.210685323954731,-0.06419859927890438,0.21227301456582326,0.37999482891323794,0.32872277186814436,0.0681327144758659,0.19902534581133113,0.16326486245944052,-0.23682528461789376,-0.015489829662332005,-0.24153420983149249,0.04034946536591121,0.3251682641719647,0.01452712803896183,-0.05787849970822446,0.05639028690471653,0.25056654679231105,-0.019691137751259205,-0.14848217652088505,0.04030090969630838,0.17779421462100903,-0.2188466281354262,-0.06320076884055409,-0.22478400036225837,0.2476755104862513,-0.07673195144675357,4.036744176791578e-05,0.2903547207793318,-0.1131201512669495,-0.27261521671828104,0.1991432571907982,0.34677540051010486,0.09639882785456602,0.3882992150022475,0.11655498115033891,-0.09143989400812041,-0.19905356529102794,0.07309865930421937,0.29670224188076805,-0.19986730860637153,-0.18795115739432947,0.06682481221600588,0.18142267118074298,0.20620818267098054,0.39794723556858413,0.20899590807925073,0.43884011380497606,0.0058524150617990075,0.1666509907490221,0.23085060095619178,0.12457897413713052,0.11995272301375687,-0.08813252146201515,0.323693332390827,-0.1709437416743325,-0.007476798595605035,-0.07348325721032344,-0.31426897569726786,0.14584904455189684,0.3515343848493024,0.19898146594858215,0.1608489803127682,-0.13796873863308157,-0.1932959184858214,0.13103280135476464,0.31750555424092175,-0.09498573123186661,-0.03200613284537328,0.028377446283459277,0.16458627070589185,0.03374307949928393,0.17225534558490752,0.06172040816885518,0.1631362581006136,-0.016409408479265652,0.04487662304362334
-0.08244754427247825,-0.12467190286855757,0.057997158751699286,0.20212770633926194,0.10371719171117945,0.16134882898311914,-0.31210574862927565,0.0,-0.3121198431126853,-0.13671096816658002,-0.031374402527944135,-0.19167818402612674,-0.04899224232202254,-0.14937521565239056,-0.021670233686027742,-0.0072445024787639685,0.00025274066570707166,0.0023626337399344634,0.07111931956141322,-0.21421001009884189,0.2830720212581997,-0.07251067591125127,-0.012047673867916716,-0.03544838257259862,0.09764065266659569,-0.09594180094909327,-0.04656709888132617,-0.22191674861431876,0.21536792233546062,0.00029611206806305743,-0.23865804440780441,-0.18979287062443542,-0.11689415527789143,0.04728811347029496,-0.025184916200752572,-0.07303692431448205,0.27141610651703313,-0.06848462586694817,0.3281083171004324,0.07216845969652952,0.07307223284752319,-0.3313313838331445,0.0558639804179687,-0.007419388847084379,0.09816634727623938,-0.2763162987211989,0.15415607979980125,-0.028875421553867058,0.04372836309682578,0.17127166669234267,0.11463661147921717,0.14128106036582094,-0.17631650972848176,-0.007757654550393022,0.0487527719804151,-0.20366769094619971,-0.22868767028638673,-0.14026409737315867,-0.05273711693232362,0.3592978109368284,0.06253887428694761,-0.29970568213440535,0.2118186971865846,0.10629174157903325,0.00412874498211831,0.11027632876663218,0.12023904707658009,0.35357812423717705,0.05809366533039906,-0.13457695211702073,0.10346041654339902,-0.2807754022486885,0.31463161803258594,-0.0660144279035657,-0.0017945632480232615,-0.26905236232957885,-0.027736494970182747,-0.10963638635598984,-0.07138272107077728,-0.024806333563555407,-0.11422076169482405,-0.15436264305863037,-0.010274167294013304,-0.011309002196798028,-0.309394026599762,-0.10666659103073882,0.12296715149330681,-0.06799223087181759,-0.006329554283289387,0.31313179051230244,0.08526566919126104,0.41439412049317065,0.005030366847137154,-0.16546412036977,0.11455701408607032,0.15844767690627073,-0.06446755109149985,-0.14023659486260656,-0.02724711616874831,0.2160705130901379,0.1930588226121384,-0.17770789129178918,0.2071329065527246,0.09522559468381835,0.15436094305434855,-0.1877711683080419,0.049157596316789225,0.17995480740983338,-0.23458161901496657,0.25964404799510055,0.04774792196094633,0.08060169426530833,-0.14967309857834318,0.05757783882260669,-0.2076019994892788,0.10959105667745148,-0.006453645301791488,0.35521081071102206,-0.028390233240251597,-0.23061200258754413,0.23972431581621428,0.15974563223821914,0.09400935877961351,0.06641427854399427,-0.09693464741039434,-0.17737846409747782,-0.056480335618057875,-0.3204801686914047,-0.10427766854714005,-0.13137476558831096,-0.23195730000628115,-0.026975573946652388,0.06359614278948136,0.24396008457311316,-0.19210784463642605,0.011764350109410125,0.09288057402238889,0.0891398462370602,0.2481671487062393,-0.00538399050667496,-0.10968036168668542,0.061331679574833466,-0.25086311700192204,0.2868035437704905,0.19986981763067627,-0.20261042158554177,-0.09990195531674202,0.20221026895949734,0.11932332589492196,-0.02176664717805322,-0.19649426794715286,-0.11608949585205242,-0.03870450610501197,0.029665260207373024,-0.08219345888598052,-0.057020735994888376,0.099444192696804
0.21728456937113116,0.35589681126270983,0.10595955338573043,0.029534573354026292,0.010466896524918251,-0.06660062592551383,0.2646421205032212,-0.3121198431126853,0.0,0.19804716345340742,0.11076268546935684,0.307978782562375,0.14082300095583467,0.2434024432501965,0.017616151622592037,0.12713545219156563,0.0446168626927199,0.2458563631147336,0.0723259652607248,0.17571593930986326,-0.06906927576516113,0.021163726825252794,0.21523231700884332,0.22990954228229116,-0.055523887936890594,0.24187888351448156,0.21952154150187833,0.28888154539029287,0.0017294672090707548,0.07053573716683108,0.340434022128321,0.21950495007396806,0.2098695448867925,0.19285499610090198,0.013616775940012609,0.010237470202467468,-0.18416030809059508,0.037523612674193095,-0.18427338617613898,0.07392552275417938,0.010130146732955899,0.40443373222026013,0.029305948343971582,0.13461901870333245,0.06949924268113582,0.3901593613357714,-0.08526619134867713,0.10330796617876392,0.08479018363428895,0.023860750086432368,-0.018532610543441158,0.05190787540415032,0.17710167081382233,0.2012926675475273,0.09774813328443648,0.29770142841460956,0.2843765096954517,0.30744786437878624,0.12317972209258406,-0.21120199571676335,0.023447546327998614,0.3635964426157463,-0.11560285347579193,0.022514330802051483,0.04305113039230227,0.08421450198814381,0.10446376007303725,-0.10761681860138379,0.1960533355948536,0.11834915965097703,-0.08093357144605454,0.2994363710207973,-0.07334528060163722,0.16673967497147035,0.04061495077988895,0.23157480554104523,0.07099187007920957,0.3001014790292059,0.15351319886264844,0.13345748010412917,0.16183295953751872,0.3524047299915285,0.16409249591319822,0.25677694521728117,0.3114172711230143,0.2376583004332895,-0.059394065981881045,0.33399322784521646,0.039834869150114464,-0.1994644680374864,-0.11250482438618083,-0.17889465951764597,0.08694093686957428,0.204572228082015,-0.06639061163854013,-0.1352173720084168,0.18796797522808334,0.2154586368338657,0.2760792422663088,-0.007588809616428964,-0.07268994517579597,0.1794340425006269,-0.1586687470372204,0.1387973561110432,0.007310008842691274,0.3779690991689888,0.0767721829351194,0.013583918579719044,0.23424827807284077,0.05475884754415413,0.020618929636706345,0.04302257466687844,0.30932181894908095,0.09794738813778889,0.2657678490249446,0.07724379633413461,0.09219023963619527,-0.14661340867783004,0.07402684087524389,0.2387069845724314,-0.10903708677978033,-0.165422895155744,0.05290958945488646,0.08711935222695569,0.20811547626796187,0.2880642524506622,0.18815620060337881,0.31832791006733224,0.21642779567427037,0.1693557646855787,0.30034035157693023,0.25929981669260843,0.03502661538651419,0.034899757327047996,0.3610485766100744,0.13594605371488558,0.12832161042763657,0.1594452560618709,-0.12482347319519173,0.1620269202499883,0.11730809178600135,0.12921846456031671,0.3694435053766654,-0.06449588721462843,-0.014474326386508526,0.32913268874865254,0.3027352954769625,-0.041679045273300706,0.11358398619463735,0.05242331841472062,0.29743308746233904,0.2217120990131491,0.10847562180507142,0.16210842914230736,0.267205631893693,0.049062256114372114,0.1522460681009014
-0.03834371418404322,0.2589815470825104,0.32792077738209957,0.15541321558601898,0.2612487498835764,0.3080689511868269,-0.05455854585544885,-0.13671096816658002,0.19804716345340742,0.0,-0.010668869967583337,0.08584953044428127,0.043808560298545046,-0.08499747147610555,-0.10335662279887674,0.23654917333815165,0.1664072335057848,0.13736713079617635,0.26567282384255203,0.11559346522839617,0.06541831000370248,0.04491874362068489,0.016036995613489025,0.2463807634002656,0.2388387182557172,0.18904566241760035,0.22251382288220686,-0.016450731257109132,0.25714127970433903,-0.0491087521761001,0.08380197627427521,0.11024557793280373,0.2553655448057399,0.1421399686639223,-0.15478410288740932,0.25376749139049676,0.04104246632814,-0.05277821072264005,0.10337574757351708,0.3008395145418081,0.16825769192570506,0.15788683161964792,0.23971486321570112,0.14869444724255973,0.19932600931104935,0.2108275108977829,0.10120924882305457,-0.07511691223799895,0.04432198427017136,0.18556543541090142,0.27992883643164446,0.17103050347876533,-0.10303305005202759,0.18391176647385232,0.21130660426269618,0.0798631077644489,0.17049357454011338,0.32125338859580327,0.392380557277519,0.06335254903488348,0.3720760246101481,0.12770798579010734,0.09414300933956411,-0.07190807901471356,0.07195663145695094,0.18286420418984842,0.19071116824144868,0.06331271605986051,0.17073000290740992,0.1868972205271707,-0.1428083495209335,0.07853343742391788,0.14366171676550216,0.2816503188464155,0.3432711743238673,-0.008735335241132442,0.07116793062531793,0.13786945413642213,0.23505997935196699,0.25122143680365633,0.20841570483408173,0.13042941923307838,0.13084816999690127,-0.06669255578822589,0.12427144404581215,0.07725662847415711,-3.2817845244298647e-05,0.1787774011985008,0.14650863455231844,0.09250325464491191,-0.006667734598067867,0.03338681941458805,0.27830152834256316,0.03294588091630949,0.11953612922325647,-0.0028212327997234263,0.05558459807267131,0.13901130271106435,0.17622284177332098,0.1805468224306108,-0.04722592707409504,0.15508620091502948,0.17391820446679876,0.29577882648555254,0.24045334990029946,0.16238412379420486,0.32719025123622825,0.10642273198956115,0.11593674234744702,0.1278208003544252,0.3436160400442181,-0.19878039697305303,-0.004585112189844853,0.12191570692410865,0.01873613567222396,0.12647825246407363,0.2756073117824209,0.059101636399205626,0.08194413840941094,0.07769653093667252,0.24704922744327792,-0.16598186218485053,-0.1384182293156982,0.0817501753221116,0.15810374342263944,-0.030680778381472807,0.18695522698224093,0.04433027604426143,0.345483435726824,0.2746752283361754,0.02975719028259502,0.25897379901404494,0.07173666673088615,0.07854958402349829,0.07687905964062902,0.356083524532685,-0.04864513813779472,0.23773663071595916,0.1992695964832276,0.12104692221025629,0.015124570632803046,0.06150693761762883,0.3035101765619665,0.12179879140868402,0.23638028108435633,0.27464042235335495,-0.002923895626259443,0.08700353057908201,0.0932628506113974,0.05237936216925898,0.2768191655195893,0.33777838466115484,-0.09739987687669936,0.09627994587154547,0.1841136562861919,0.04444587992192696,0.2244288067394248
0.17749452890562015,0.08837546224133135,0.08271292340519658,-0.08926811492055636,-0.2053169674572909,-0.05461682858463984,0.2718907554481123,-0.031374402527944135,0.11076268546935684,-0.010668869967583337,0.0,0.12568721765935983,0.157837765344957,0.3231683118245831,0.12487074191075846,0.0892026778624207,0.35192498087783264,0.14559184850379384,-0.1557973294663187,0.28303360048029613,-0.004430751909969493,0.2878878114160182,0.03935275120780331,0.18462559883608542,-0.17747407429403864,0.12279878170803289,-0.12500041152002817,0.3450661995166965,-0.05608466870427168,-0.008545126944647246,0.3218475219186865,0.08336391324032914,0.2836384493256685,-0.028119127294652786,0.25167512211636356,-0.16280894052896752,0.06345577544896798,0.09152423868412324,0.09962556338846328,0.07545600496728877,0.3320975644116463,0.12341754872334397,0.10045588993099826,0.41103421289770414,0.1112209760187223,0.22780345982589473,-0.1375937809447322,0.27295412001646535,0.29012163017295134,0.03245701317290418,0.0432222490422794,-0.04344437797712487,0.13523551820369614,0.11736260625013688,0.08762066136272116,0.3793768879989143,-0.0637287304788403,0.05507124188638332,-0.0809531388690821,0.13197685214923588,-0.017053653936839948,0.23910004231541854,0.0938826035964839,0.36976812351169475,0.16202300394739838,0.19025167635394247,0.14157878489246153,-0.009664673059127757,-0.08424264834402664,0.10553207731489828,0.33500658974036335,0.35172382640225225,0.008383239150120072,0.10060662523102598,0.033837389584856256,0.18336729798891266,-0.031117039346387234,0.005954121343280334,-0.1182907084826931,0.062353987525017376,0.25196612874399277,0.08625432503784558,-0.1275968356039124,0.16251536772013903,0.2518999365377738,0.39766622131420043,0.1373439774162547,0.13661078179719574,0.31627411046917075,-0.12019203324167041,-0.0693813021687718,0.05945016268837663,0.2411941228223718,0.29499184474133544,0.039512233175590654,-0.012725347140111325,0.018352082263270023,0.11849937472895593,-0.1696597784682474,0.11302639425654333,0.3222867381004795,0.15170964055354277,-0.12760718006176958,0.1173230443746036,-0.10296141296605017,0.14314234418862934,0.03433217413478218,0.0427142203874629,0.2028185682848822,0.03999117297823738,-0.14649553039964688,0.29002565941626646,0.39241935848972853,0.06906283018475401,0.3817984239559281,0.2982078665335368,-0.034490774467032,0.09791534754059088,-0.004366308160175382,0.2759972942839394,0.0660351562871894,-0.24869036853360327,0.0444210269657519,0.4058505258046818,0.22504444456185108,0.3677144541000914,0.37252236662070026,0.24007215985087527,-0.03197323725635106,0.2771011931197659,0.06218701266232155,0.11560404141885545,0.21139627007686873,-0.07119763785322612,0.2473260179772342,-0.18760596393235546,-0.02649273732915171,0.059018197788978585,-0.08181602812174339,0.14979449284094468,0.3229827319426662,0.4276368556419883,0.02868971668540754,0.07749718159118794,0.021652538305957578,0.010355663754227792,0.23689196882922361,0.03595254761634971,-0.029077403686585446,0.0737679125296986,0.08662772346596659,-0.01353419236610677,0.13494258636943363,0.0661870265500044,0.2041708034384869,-0.02674782411159688,0.161353907198248
0.2453760259350614,0.41145553361918963,0.1402908008272854,0.07924702556268018,-0.07137783999657456,-0.031018239972529518,0.3292048317853459,-0.19167818402612674,0.307978782562375,0.08584953044428127,0.12568721765935983,0.0,0.300221194451369,0.36652734225765227,0.1451024386988706,0.18657718469873172,0.07347749542409406,0.2651102813546538,0.06070592392944403,0.09768637372617739,0.036097719674316235,0.20631908146704478,0.2605174525358087,0.21317733583844856,-0.13096104758804517,0.2984018803153416,0.22488810955834967,0.36254463479569826,-0.04837971161563813,0.014459592377048603,0.3818532509483829,0.4105522995378398,0.13047614599215002,0.2508585525576009,0.1470144515966091,-0.03801248838657318,-0.19935612260472763,0.20176774225831173,-0.024199115722254673,0.07854407264635459,0.016631873675989655,0.24328348165070696,0.12081088173285158,0.1935269944746924,0.1051255490131802,0.33707404887745107,0.026908401826247833,0.30496253752131347,0.31334213685315,0.15807821315518875,0.015100891393430616,0.04021925041303843,0.2158215615824071,0.35551092539758683,0.1295096909662396,0.30026549878342873,0.12441649843405249,0.1278922499437904,0.03870006080148338,-0.09232558021516087,-0.02159524691056295,0.3987694276604235,0.05323139759935435,0.11798114973108112,0.25611420229555626,0.10845854646257648,0.09573518764265296,-0.0076129469645329385,0.21025720623824445,0.20830568756921408,0.054920381945442125,0.2984200164822975,0.020591476140143315,0.2738667444145785,0.008964732106713755,0.315639495565073,0.2999630442457771,0.32311804486682527,0.08476868440625766,0.17624887385031968,0.2502591137048995,0.3639999936461665,0.10415894287246542,0.211320074150255,0.3838704814483138,0.3336192602058446,0.020923815702867235,0.3743350474720205,0.15521276306832923,-0.09197583831382097,0.10932042369957254,-0.07014761239180121,0.05442490949904908,0.34764318484103135,0.12242150734512416,0.01285916466919228,0.12543976127573014,0.3158756948295733,0.14522851058824895,0.04954196176984418,0.017251001633509015,0.2467165423711091,-0.00982889711962948,0.1308151784401348,-0.03513498194738574,0.3197449793125117,0.08064636768149774,0.239259213829692,0.21001134277167977,0.05306883843806711,-0.08567400182229905,0.17567517767503,0.3015119311578922,0.3078447829160355,0.3288202911114648,0.18937331823510845,0.08911347742400175,-0.1644382570191048,0.1936268971879782,0.22308677397365922,-0.06023595324367453,-0.10357406567172182,0.17665518716240128,0.1501019658525556,0.3080027704334778,0.35975672326108443,0.185444331309034,0.3549289935328909,0.05189753089827713,0.10005878674004731,0.2001970510906785,0.3552608376734586,0.1145271341294232,0.19181031024034192,0.2643897629670846,0.08648468895490102,0.14114293676651316,0.07379911804051552,-0.11708396665511318,0.2729551305367658,0.22274817862717397,0.15634287624953055,0.24159436703671408,0.01846284613553155,-0.005805261933458575,0.21977722850817438,0.3343087206616953,0.10319331498896171,0.12341732319625612,0.09823994619232763,0.2692758094815567,0.07812771408313353,0.23273976632867424,0.22603545455345003,0.26338324071873825,-0.002429970423083143,0.20184748471234787
