0.0,-0.14793686233172337,0.12066438388445928,0.06669861538383666,0.05721555207392185,0.2997574775494109,-0.011909890640690503,-0.03296548877049923,-0.14343020695304406,0.13064202294074148,-0.20787739871300834,0.10860441702764742,0.0508290020867735,0.006379019813830084,-0.2068519045887616,0.06239086548241116,-0.25968220586351115,0.07913881077337397,0.0398589157836132,-0.1875076637231599,0.09027986594152386,-0.18721381554882602,0.3189840372339013,0.005665439821972904,0.06272200148997743,0.20823094576966292,0.11089926282335688,-0.17225415993740462,-0.12041508826906859,-0.2517771136542043,-0.029860607406083144,0.0066698753643644705,-0.21361852639816428,0.2995171294694797,-0.26360271530269447,0.14006015662929489,-0.12295524281361778,0.057403627261312096,0.062243486169053314,0.15894811827741187,-0.15221954581601585,-0.08271014102238057,0.0186364645113326,-0.22905067752643318,0.001757086716332789,-0.18388257177745432,0.028888190557844078,-0.0005864441012064194,0.11166123694985007,0.1599813330876023,0.09939673694084243,-0.1689278214430541,-0.10630151900529308,0.22321601060523458,-0.10303555378508451,-0.0879918214695889,-0.14052990011531058,-0.0196911042854544,-0.06218306068469869,0.09595611434782171,0.2526592597856806,-0.19044954952975326,-0.1555694960018332,-0.23037616383731027,0.21155968500424518,0.1877005590024124,-0.012730305665280137,0.040766461654222125,-0.06747410903312487,0.1957580761153803,-0.1615251761200879,-0.1809947569505631,-0.006290327240438811,0.15889237370298734,0.23936822790334372,-0.10630242202327836,0.1484721674081129,0.29906393827235017,-0.02511401334241841,-0.021613084248522707,0.16200891447876598,-0.06143296814772342,0.203524970728153,0.10529199697880592,-0.10329708039138649,0.04054555412784258,0.09561995766498364,-0.004189455173309074,-0.07971550243973335,0.001679464463456174,0.012851788045803648,0.021225189576005905,0.03295950441551453,0.02915749964361251,0.1680799012645412,-0.002938849723211095,0.40932957483518506,0.2155338017626168,-0.2061705069390792,0.07021854485976824,-0.1653729493530808,0.1386209576637574,-0.13655385316034524,0.29709672464222536,0.08131128851492787,-0.2846081412804224,0.028261370628439284,0.20063986602291867,-0.1236342140284186,0.14707140029966825,0.038764974455327096,-0.2798177506558299,-0.3242162091589609,0.21506613892749887,-0.26555276826816543,0.1615951535846803,0.004828461320174199,0.06006873059791103,0.05091310381758118,-0.038599339333209276,-0.009008613357430322,0.36967097151807154,0.3652967371902177,0.1673926095715758,0.15411975428923863,-0.16282368230917582,-0.013500312625802357,0.07462948569642938,-0.06766163372499705,0.005588790807296195,-0.1244735162612116,0.26536314437721414,0.09538662583584029,0.287887543064224,-0.2884372393846285,0.1279116793487097,0.30711453191297244,0.33670634772167524,-0.10350777381997599,0.09043009407092735,-0.005567114894126601,0.0069358478546935765,-0.17858095299817422,0.05282109828416385,-0.06672144261616814,0.0029475186028261754,-0.020707089654859533,0.1963663921233945,0.3368919521903157,0.16535592573802377,-0.11062953123552634,0.0009847574904435841,0.11081754257566238,0.25017563913695146,-0.07994415057878977,-0.09504515258106508,0.06926541533806585
-0.14793686233172337,0.0,0.04131262309366937,-0.05647646676667891,-0.07598720220152011,-0.004555710539186082,0.20125261255884974,0.0845655119159516,0.2489396632271436,0.05833122870460168,0.257801493576867,0.25478292971699723,-0.024738437657335882,0.07873496715234636,-0.01418156126661204,0.04791363826065821,0.21698517453912192,0.046151657742423455,0.06910062796408784,0.1947385342059216,-0.022695402669265983,-0.06365509974933141,-0.11426792406992706,0.04913489803810022,-0.06285397459983857,-0.08855255655333309,0.13220544175409932,0.17961427876018446,0.093015566356008,0.04582168412871315,0.21161024997980543,0.12559544417663338,0.14974939995698966,-0.18016622774652938,0.14372429136298878,-0.09308513919683478,0.09818106109346249,-0.08739050810895209,0.11732681710625843,-0.01707310778889125,0.1869638507315947,0.2870687155373405,0.1097931586021045,0.20007114360795472,0.1261859979418671,0.35685585928869784,0.028237122890463016,0.053034276521723135,0.18562956780401985,0.04938257154458611,0.09293061979440388,0.17716604665667263,0.06448594576054735,0.10677411702965911,0.15253809112852676,0.23809007320385717,0.15217751201413465,-0.02503994448168598,0.07144298718468095,0.0660502004176518,-0.14238307945415754,0.41347643090853164,0.23431899334617826,0.22356217617226343,0.04536168865552321,-0.030527288600562575,0.1769980451227422,-0.0032097783325768675,0.05996265831873283,0.042718803195118615,0.2557963514262619,0.3343935876833451,0.03640244653424306,-0.061702012996203454,-0.13695055011193075,0.16001420694103394,-0.03630953553969457,-0.2810119880814198,0.03358702208014281,0.07937250209306086,0.08989627880302185,0.07438368105979441,-0.09386000884711213,-0.01477857344316267,0.055900573909709386,0.10503481534103841,0.046897754857373186,0.21536248678196832,0.12809295873760718,0.030416019115263062,0.040824120515569974,0.05919234497542792,0.11003358538626784,0.23614900144408518,0.02259269766340431,0.026640378661673687,-0.2884728650667882,-0.09521339204676725,0.11541634176237832,0.10193849633847175,0.15782164107934737,-0.0006315230360503375,0.06200351780505417,-0.07318872484647052,-0.013699637521311881,0.18785736076799595,-0.05822972058251587,0.05649024978338438,-0.012148816990422792,0.08088919770287482,0.05196823920517545,0.23192208688072824,0.2323149930908186,0.05302663591322378,0.2520199490845158,0.03680648046973286,0.04342798041509897,-0.011139540127820908,-0.16769196099575973,0.084054919899096,-0.0033879435316384087,-0.20890918996645308,-0.07132588392266875,0.14547262270084815,0.12911936531960183,0.10395122698073357,0.06294846145888264,0.18748741067644065,0.026103545135704252,0.15270555164286462,0.3241763711082963,-0.13243930050458055,0.026395890995196535,-0.012218516668725357,0.2391364319725036,0.13341937295811115,-0.2090199993815325,-0.1073577581614018,0.10397550115968586,0.05055121346181375,0.18687725514729653,0.025649540007205235,0.332767489372304,0.05411150658651651,0.0895428015111264,0.01990498407062251,0.16995793173891577,0.046499967573016256,0.008218608974276865,-0.09734824760141944,0.38111787209602394,-0.023793615911924457,0.07392768216878072,-0.06905719803359579,0.3191980377524228,0.1567480802142348,-0.09951428861256077
0.12066438388445928,0.04131262309366937,0.0,0.09845338783738407,-0.10212480876692911,0.13674708327159985,-0.11878745404847299,-0.158667166799139,-0.05081456264784669,-0.07197403808979348,0.20443976202456088,0.029014635892273086,0.2717889066439524,0.15115821093577636,-0.06610009149575055,0.4106025088511609,0.09078712938963296,0.16369330514179878,0.06244188812528667,0.14465249503356417,-0.01578216617705235,0.002100898685155026,0.06340799031113205,0.13965372989665392,-0.1216793726192121,0.2024361220158015,0.018008146597665878,0.15046324426223617,0.11054684965889987,0.05578857788716074,-0.12099257321564948,-0.04639309689048173,-0.08678596290051234,0.010049168149751958,-0.10771345359286451,-0.03412440963091225,0.20516278176666844,-0.0013902702746893994,-0.08151377929570094,0.294851028628454,0.11783726340465918,-0.08841093900519029,0.26037337868573734,0.10136431380023679,0.1352386444871583,-0.06812343837462526,0.2626682832792047,0.24957571122025635,0.08086051563976675,0.07369580347262696,0.06588283296979926,0.04554024744732178,-0.11539183695358876,0.09166558227888356,0.23396168769973258,0.09536238302200051,0.18118474364228823,-0.2406833883774393,0.004325483216284332,-0.02832801492770421,0.20956701320087603,-0.054437705586694966,-0.0028031541087364504,0.17326134362956716,0.2726511848788739,0.060655028485595244,0.19296775683654616,-0.17145895191963975,0.01798062053665671,-0.016042091561901242,0.04016520569492672,-0.0344120540884343,-0.14307323543556508,0.2703577301717524,0.04849612357359391,0.15779700422792017,0.22334915124152088,0.02087289996848194,0.09670986767472246,0.35849680607281453,-0.021178057885360146,-0.03575660681861001,0.11554706856115343,0.14406102917060742,0.15188386728778472,-0.06769359408211766,0.15869307125611884,-0.003500347430502911,0.0654896849199754,-0.039105520796553994,0.29261702360039554,-0.11255456978987949,0.03401650342320896,-0.10425434117636571,0.10030779464650129,-0.00866048158061607,0.04550544517014478,0.16522600920135316,-0.08843864254574355,0.027239644030869977,0.1975937142848791,-0.0385342927280295,0.06652342420163401,-0.031894284355555066,-0.055658404238683123,0.14727904671356323,0.05965617609520699,0.2569125869243491,-0.12943624241825755,0.034120422581937905,-0.030396928215059984,-0.04971816966311309,-0.010918033985611798,0.15455368796078692,0.10145009248869104,-0.010763090503481421,0.13004137947611413,0.021817703874002413,0.1420963169937248,-0.02287995775711308,0.14117600888714785,0.0035982953903110904,0.15736068448342905,0.09146054242249825,0.04795868844862239,-0.00579145877186443,0.28728663010469124,-0.12235349062020685,-0.024937395975099565,0.08205777201736697,0.02156711281334166,0.1984138519676233,-0.10119128334859392,0.027963857196660172,-0.05123226520775327,-0.012623166264633747,-0.06389592076837775,0.1846579866046616,0.1256339224229361,0.32853155294734887,-0.12713235025044878,0.00041601027634894955,0.0062038752167910775,-0.037700905099516104,0.09035187943018531,-0.24039088652978288,-0.14890894691236573,0.07887247375181217,0.19976338748406833,-0.021827556452542553,-0.010647396289789298,-0.18369415129545727,-0.11704777523778719,-0.08412491142795508,0.059824113956302175,-0.1487652383888898,-0.018605595087060424
0.06669861538383666,-0.05647646676667891,0.09845338783738407,0.0,0.09059052323896191,0.1887342952261376,-0.006151616124462129,0.07214149089531773,-0.268036181444879,-0.07865873783223276,-0.005846293754837355,0.01731980918874452,-0.06004660424704416,-0.07341315152516821,0.029476244852846546,0.12771987970709922,0.13953661864109837,0.060276475931698284,0.13310062341231352,0.010677485196725808,0.317149108763892,-0.02835699892871077,-0.04059225105977448,-0.12811767759847262,0.21747789370170556,-0.03397277699748956,0.15350850212154532,-0.050228579899052044,0.12431193438140337,-0.1063586191783115,-0.0934423768083459,-0.15160417303340804,0.13646401433429994,-0.049255640218940154,-0.0253928572832024,0.1699903718620458,0.048390432590056445,0.06920161987310344,-0.010344376689744063,-0.04728182415513771,0.22764732837292687,-0.2527626189909059,0.18853691190698346,0.10343729152000318,-0.13405627290956026,0.006946772557321271,0.02254578060936412,-0.12112089797233816,-0.07859947089594425,-0.016999413899390383,0.24231841804738447,0.15780069560599927,0.019750510245088643,0.17286492594047348,0.057230830779203476,-0.17694234651794433,0.002204949310264539,-0.0939003868130983,-0.08578719968980943,0.1031305500144623,0.12906541633069787,-0.16195833279157307,0.2080723255221718,-0.043089977990117406,0.006896486902344674,0.2000547686967117,0.06586798442098926,0.005148047988575557,0.15990443351964753,0.08937356846920474,-0.07906483143131166,-0.1739190192032192,0.02725071741298659,0.097670571664501,0.027683404659979843,-0.2389366171969102,-0.099961486121815,-0.04369269404686497,0.031215940317554668,0.07568621361257716,0.018318153620473634,0.014909366250857347,-0.09024527316696132,-0.08318716010214083,-0.02447955881673178,-0.10567338673338457,0.13214615049243134,0.14628295330309848,0.27848236129820103,0.2907773170642309,-0.04541844937795901,0.014245394418238588,0.14144366554271628,-0.10258685619624838,0.18499480716571023,0.08047771270899481,0.06673332150362105,-0.010655077738609966,0.013057787402645687,-0.09027290230562014,0.01764453367991034,-0.003209964368353536,0.19750925557812293,-0.01415768701786578,-0.11392348117662687,-0.06606413820779225,0.08765273190429383,0.08891675068571919,0.10412386056715363,0.1937342182579206,0.027444959108918438,0.016990210600608534,-0.06257581143716234,0.23953346047783167,-0.13947831381679043,0.059464932187435024,0.26805708471566914,0.17850533234224752,0.05430342916699748,-0.19255516809529624,0.04711476060629988,0.0029924892442226053,-0.0030172236906082102,0.009174001329289003,-0.047950142033632064,-0.10701997857688807,0.08881960325059814,0.05421842981871064,0.12891070289924839,0.14983981038791358,-0.0762210204816123,-0.0022453394468118647,-0.015912929879788318,0.10384212548696162,-0.09089372832376141,0.09074426181295768,-0.012549122092724845,0.03167803220392174,0.03171518199354046,0.07650038367612536,0.09000781452521384,0.06446572316912996,-0.09779972557116567,0.30884560805388406,0.2553394153880018,0.1019167223183205,-0.03982442824343957,0.08712829558485416,0.12028629972529388,-0.08981733250050968,-0.0669583939894488,0.20627886756091773,0.008564366302764966,-0.0010687311594899432,-0.06005434896278791,-0.09011332425196618,0.364414534361171
0.05721555207392185,-0.07598720220152011,-0.10212480876692911,0.09059052323896191,0.0,0.1470840512249336,-0.05035856118308333,0.12721482088526834,-0.14482075908312833,0.11236562030553308,-0.14575399960495442,-0.10520653542144064,-0.1356654375666048,-0.16677635509369007,-0.05837453002831241,-0.01336501964476447,-0.062419787263057795,-0.059595782483479194,0.3428011931543116,-0.06172772183591956,0.1866659153931686,0.05182883286700658,-0.07469438201072003,-0.14502923231944873,0.340045236803862,-0.05739662737536548,0.05725966260288134,-0.14284377482525124,0.0711066527949642,-0.03456098877192992,-0.13479678190788802,-0.15864793307784555,0.257286224518982,0.08886768140452223,-0.013698533498428023,0.31340660385230334,-0.2496859617972981,0.2079511226415662,0.03932688188881863,-0.06041213189811679,0.022357768347311083,-0.05298515086457307,0.08262619234732776,-0.052656957215139376,-0.21682666453768878,-0.07982087959244652,-0.001962728292091181,-0.2019334578040526,-0.09940643148417329,0.055964171913184625,0.10613367907036435,-0.16878663695798143,-0.05205520406535924,0.0024188139997391275,-0.06287085921862201,-0.17186601741868648,0.02437937759273583,0.13024755181604486,0.14436647373903624,0.01867310227253555,-0.01755540178557221,-0.12259538890692838,0.14821032483437516,-0.1402671670259572,-0.09475599657070462,0.1458802082619088,-0.0267308767612508,0.003939079527004705,0.34432468578064385,-0.0256155082444005,-0.1646491291149334,-0.12819957823943956,0.11734346649430344,-0.02891463422850891,0.07713420312661924,-0.10490826903155004,-0.1841249669830107,0.04614874476576242,0.3263582207711588,-0.19020958478146957,-0.05576391096265887,-0.10806860483843161,0.009913848049404166,-0.15922551906127555,-0.12297219237035685,-0.10743911335592891,0.08824890208691098,0.003510602527363119,0.10129841624821502,0.1263483728498499,-0.08102079480761003,0.04751689990003838,0.022969498750674902,-0.09806131776279778,0.027554160275436796,0.007333911625413974,0.10543483852294785,-0.008670584390264167,0.2787229616696065,-0.029387052056950785,-0.23997505049773551,0.054393483982420436,0.058626819777951866,0.011352098214961753,0.3282239588100487,-0.07954483504095378,0.01943676453253276,-0.04579775404701036,0.10402916745983481,0.14709334313189396,0.24901808441033904,-0.026522014926973463,-0.01793568434323564,0.1012189295129466,-0.1784138798247101,-0.057977824351609517,0.05806206709553097,0.06203862698747004,-0.002294681433640952,-0.12226092451421555,0.005256630714557065,0.11357560384748622,0.03256318545257816,-0.1217028450245612,-0.06176712783306206,-0.15829181233050918,0.008392170903438113,0.015018630682435542,0.2062462607308377,0.1058184182202466,-0.067639737022937,-0.06394103909299666,0.050035522531599354,0.11956988901843024,0.01634422127681833,0.1585306525393534,0.10991964894015507,-0.024746616070991576,-0.1610133505129183,-0.06521760860900966,0.010346916231891098,-0.004736168790189324,-0.003096783273039356,0.17825451166356465,0.07206172608640081,0.2106458723558448,0.042629699384748476,0.03348048915552714,0.047695425346393094,0.08020171064171379,0.11186953019835959,0.26314154305607496,-0.01354495028726107,0.062434577728619094,-0.018481276839703263,0.0045962187012175025,0.10509251150905408
0.2997574775494109,-0.004555710539186082,0.13674708327159985,0.1887342952261376,0.1470840512249336,0.0,0.1358235345551713,0.10027218400250827,-0.15086740071942542,0.22117334987233603,-0.04619820342017861,0.25955885103867016,-0.05092120122004914,0.02712869040228511,-0.12485346165951594,0.09044161748348947,-0.05378928420835819,0.0720245028308565,0.17465302550556253,-0.07978244470438003,0.29741633108368337,-0.1231388407970225,0.06346279422863652,0.04150341606747447,0.24792862944641803,0.0836145140084426,0.2477077329521199,-0.1644939500894393,0.1125965083756909,-0.22287714167682687,0.09048653509475323,0.02756282906589811,-0.008183938765002379,0.1301487112743302,-0.21780260442910493,0.2624062992959418,-0.12104641832527435,-0.006406604988735802,0.15848410885819408,0.16007736162308175,0.11281676341866288,0.008591266663904603,0.1375532403193704,-0.017298764636187843,0.05682165857470644,-0.0074686294406959425,-0.03703969709687972,-0.09086291098687108,0.23643524562522356,0.30126809868740134,0.300851293360321,-0.1170479016251941,-0.12306765753227956,0.346137742874207,0.060665684248960336,-0.04540723581500055,-0.08760822197192282,0.05038441026843592,0.0758890746330769,0.24632470890685756,0.22705177874494667,-0.04830216357201348,0.12592022196850658,-0.11874064575154307,0.23210619335856164,0.31060738506228447,0.08402246367549462,0.08871411075913103,-0.014091203737108168,0.30598638702823416,-0.11495938475304242,-0.07081210374236174,0.10846437291482579,0.14175878700800704,0.3040755644024167,-0.16461756758372115,0.026223645708457526,0.04004518033640804,0.019229400332824914,0.07594983211682652,0.2136777820385939,0.1320177391715333,0.13734812958893,-0.03875833108601634,-0.06643891700928257,0.17039215179009454,0.2425751548037394,0.1874289126362361,0.2134891159640736,0.22747833991994051,-0.11664938594621144,0.16521666483431144,0.1751922209601372,0.1343512869533041,0.33320808760264325,-0.06336306199813238,0.20480577395032246,0.14933581563572088,-0.06012343965959513,0.19462115619859377,-0.17066882727760985,0.16277170676440197,0.13044795371300413,0.23240663774665204,0.07701905634698071,-0.20702355931401903,0.07408757873930752,0.22599669138152048,-0.02272799775469097,0.35086206598889275,0.2330557245726209,-0.17850667902785633,-0.2131199059698666,0.31249302665702117,-0.20579525461957388,0.1675415067310537,0.17754239687588086,0.20965895545189098,0.024827557768837407,-0.09205551695696665,0.17207816122429423,0.16782006152730622,0.24850598542972438,0.2619632185878032,0.30335822993991285,-0.1178450202353479,0.08342157898464718,0.2171310571246202,0.01929948369281809,0.24420487816362638,-0.010597916189630742,0.10136453013225301,0.17052647330386575,0.26161971934803174,-0.12804658937136,0.2473471612689679,0.10672140001258283,0.290712856983247,-0.030699470769218615,0.18803238744452114,0.24160676197768252,0.061050472144862124,0.013393323069459858,0.2721190188204693,0.23999043509733245,0.09721684249500476,0.14733342833958188,0.23641166258103347,0.35449610119910085,-0.009588263358008156,0.08323015699148523,0.15573618462015273,0.07615049612167483,0.15572931744323498,0.12156313972785955,-0.1775190104104434,0.15127335522423
-0.011909890640690503,0.20125261255884974,-0.11878745404847299,-0.006151616124462129,-0.05035856118308333,0.1358235345551713,0.0,0.16915500607209688,0.08703724182505045,0.23208767295349153,0.0940130204754055,0.36762872803955826,-0.1658033685738321,0.1522424809499453,-0.06711553462315054,-0.14203000163280724,0.01609839119333897,-0.10119022669484332,-0.001211310604980942,-0.01916867322424801,0.11104742967697426,0.04310163900371923,-0.141106802742327,-0.11502664900610206,0.015616082671474208,0.019699189289673544,0.15516165526036862,-0.04656107798103338,0.005677127759769993,-0.07806908426359721,0.4219262036763636,0.2704933025371179,-0.0017033956970948394,0.01171291029605171,0.03827734905636874,-0.009593029166497178,-0.14721316492604647,-0.22571867387468472,0.23669241788235007,-0.1377442301372961,0.09357844526780894,0.2633013646626479,-0.005134291318078306,0.08694033571333146,-0.1136009058019433,0.2615350850020726,-0.20758681433071405,-0.19304195660498927,0.29422494083309036,0.20161609830284208,0.1356210780676678,-0.02191747392898636,-0.050799254850742465,0.17898339509130184,0.046647608318465004,0.06345009104875982,-0.1871993109678099,0.2239881905029977,-0.11675354390917962,0.16779567322982122,-0.1587953199962487,0.27274701333403606,0.1512682345781415,-0.02321590540315043,0.11338408609145194,0.01772856541859592,0.06399079092135482,0.09373487819312624,-0.10503237443950783,0.3298442122894281,0.005044169609002571,0.21798053366141715,0.17380632487094005,-0.10604524278456,0.12306940751585602,-0.10117576863844457,-0.1619750662840647,-0.10262403955658216,-0.1944519917582162,0.0034853658044756773,0.35685507977902015,0.21604971917022553,0.0023186024824174973,-0.0754733376706527,0.027828910854288708,0.3368031123880161,-0.005730011769977053,0.07924569686985829,0.1285328975322153,0.14766175921522642,-0.18121019119043486,0.15591463500445332,0.04977525688931911,0.4147905756886876,0.21371483823578988,0.01055830056788854,-0.07118687869408123,0.09049970286497419,-0.052999872185558,0.049080209662146476,-0.13949718392982594,0.19397523304808809,0.07422393375337871,0.07916126452526585,-0.024256433668085737,-0.08047041633436404,-0.07873514001829504,0.004347019236599241,0.05060200233485162,0.1715558045281116,0.020090634779464933,0.008921484738978412,0.08999868263612354,0.0910460460217672,0.011426189244076382,0.1150061625828234,0.06674833148878945,0.10349490709711787,-0.026281857137229976,0.04426073425748194,0.02514736694629375,-0.13776339314772784,-0.11179290317324174,0.2522136144681593,0.27428361287678493,0.21131758299069847,-0.11925438994993225,0.4378629402717523,-0.11577116738908343,0.19595232685983935,0.27439251143591714,-0.09561169007547363,0.21225499169016945,-0.015481955824955866,0.08497596713837027,0.049589795080226456,-0.07637317023417181,0.062274162498211744,-0.050361363495442665,0.011075690414662111,0.41643619998147674,0.10313893981539914,0.2271449106648586,0.15382528359699546,0.0872326693824887,0.24147691021775752,0.40478270129557525,0.1551786110066846,0.021575738835758574,-0.048863770449179576,0.22112065842753298,0.00035502393875530086,0.0056115126640007935,0.09861263256198674,0.202610245667664,-0.08444782658015257,-0.041239741258510376
-0.03296548877049923,0.0845655119159516,-0.158667166799139,0.07214149089531773,0.12721482088526834,0.10027218400250827,0.16915500607209688,0.0,-0.08738804379379198,0.13727548270303705,-0.04862950926428151,0.14475340715111878,-0.19311514444934524,-0.00944208943979747,-0.10758211935370635,-0.15640924211783117,0.005480242528862724,-0.19244308183361827,0.05396555678928072,-0.037632643126507846,0.32309200180848074,-0.060063978715916386,0.011772900294321223,-0.20970695665867187,0.1794014424181279,-0.06665245611982858,0.11773336724569777,-0.18252266519216706,0.17896326051944472,-0.22912855463515286,0.17678404230873976,0.1879838672748897,0.1064012086984143,0.13893603094580384,0.08799375251906925,0.11837935691538347,-0.24543930003854572,-0.12945198661311602,0.3832488855537357,-0.17158022677706963,0.14937573777226662,0.1795654038867035,-0.00017119032440692032,-0.026468694173697474,-0.15277060242731277,0.12137792864651771,-0.20468941082353892,-0.162815655201842,0.13518058608164463,0.13161847780583696,0.14965240491586657,0.16070476268140033,-0.17326622827666818,0.009776538996004497,-0.040461905145206194,-0.14920862924988715,-0.1978951446708388,0.22181521715880073,-0.0012615778874808922,0.39417862177474394,-0.09231208779322327,0.21318029563630844,0.17533218639621595,-0.20793360310562073,-0.029927474169846653,0.1389773492726914,0.025404553461476326,0.37148561491726195,0.02767444357162013,0.11183187746838627,-0.07291661523797943,0.03830425578014885,0.4183953091868264,-0.11894047808072057,0.03550164136774313,-0.1356998118599815,-0.10607496624403545,0.09266394941695891,0.03181598761453569,-0.13934531203568562,0.19910049411616063,-0.0504240235108387,0.09234557949305447,-0.264682095103757,-0.029090937060122217,0.18467404367494342,0.3046539289857278,0.037926987785233304,0.19021286167966048,0.36573419798213014,-0.24829740713045426,0.4143393802582444,0.15840364846760963,0.17562037417132234,0.10442078624650436,-0.11531521198383185,0.034817274014449076,-0.015938679461854066,0.11525539532357618,0.16375368843617477,-0.2879593692601672,0.263211100508917,0.16856637552462103,0.16690815255952232,0.0547874918586937,-0.15516209403382628,0.04957669662031791,0.025460067925991113,-0.09253528462084053,0.2772689482787913,0.09271068866494604,-0.07263402990836941,-0.008979681005805568,0.1283024620223621,-0.09247657368912154,0.3337948388620308,0.028615838639563258,0.4024222688938266,0.006107861216694154,0.018772321259135374,0.09848213703839527,0.08511808296998727,0.04194680681494171,-0.029967179266762314,0.16517672218447585,-0.0882179407995144,-0.06300731535102123,0.20825830983143856,0.15198211104186002,0.13206495239630675,0.09158910215194078,-0.13943360808544322,0.3907831261340611,0.18122119667987563,0.029599753485676568,0.19334445990241564,0.1561187076071375,0.0603474591783252,0.08343434277049021,0.010299796975089742,0.2578057618345095,0.09025715937028399,0.1601359312373508,0.375703744486743,0.21286677027032225,0.20155673866447243,0.15425724751789224,0.18346433559415484,0.002567451760434708,0.03383751114657159,0.20052656961040818,0.11714602610769348,0.07330889247708652,0.3110789580921244,0.20960653805127902,-0.01643910192153727,0.07639563987202819
-0.14343020695304406,0.2489396632271436,-0.05081456264784669,-0.268036181444879,-0.14482075908312833,-0.15086740071942542,0.08703724182505045,-0.08738804379379198,0.0,0.09931204898945209,0.18643489126861967,0.11600609858899785,0.030746872002219334,0.0643473819885778,0.06236368146925904,-0.0029966353085663228,0.09809203051752276,-0.006225214992538745,-0.15570529426828006,0.1228842056567566,-0.2521005905391988,-0.016544920817722124,-0.09489976109033371,0.18258002195921644,-0.15815005293808382,-0.030741693812772305,0.024916777264796585,0.19128381752295215,0.04122266724540701,0.169989425474394,0.1604965563097421,0.20556728373792676,-0.016018114737641573,-0.08444411801971088,0.23808375826524497,-0.23760378036683716,0.17831809634226164,-0.03811340500271856,0.02696494755674325,0.1060616056833258,-0.019464649238000377,0.31955880680518267,-0.1904961716932976,0.030438215278191665,0.1961223192640407,0.23229710874488688,-0.03005987114763873,0.08958496851793972,0.08132085411948832,-0.09906864558687463,-0.25412524891944405,0.06556995895964579,0.1775765320202767,-0.041615267009593775,0.05574801869547366,0.3540180932848585,0.18848575965385697,0.06996523861198568,0.10722133549600923,-0.03748651389052622,-0.05653848098352802,0.29996004595744474,-0.09408713497635215,0.2501541060961022,-0.0579918162944067,-0.0385553251041595,0.09856865589588974,0.06412701947763366,-0.11250058368092676,-0.042191749162216206,0.32350384442817015,0.3165671956420879,-0.05855269619170095,-0.026456223615298386,-0.03890805427368708,0.28808081797392404,0.05509141047588726,-0.07470204696911917,-0.041512585404727714,0.053444247419050794,0.022502013014276307,0.1154078266323612,0.02459107518833576,0.14980094067257393,0.11147202450406452,0.09348917541525192,-0.07010474456044198,0.09363475517303815,-0.176977491013071,-0.19498952378806725,0.011684437305386678,0.019926699288509313,0.03487189174092057,0.12401957078226646,-0.15217476907575786,0.05010455524600814,-0.20034873925505844,-0.054322085883952265,0.05986363987449121,0.0983852888272146,0.1983636446251019,-0.0417881785193525,-0.13439080295910077,-0.09092582938818712,0.0044231562088488325,0.23176171896807585,0.057096858463280005,-0.10793520732917666,0.019225125624062138,-0.14775792447878563,0.03038178626030201,0.1581401921875362,0.17156973216796803,-0.21718156156538473,0.3136353281054685,-0.0006581248114900143,-0.1795967261197797,-0.08650109249791706,-0.1305984219014562,0.3115792372919972,0.057359307079833506,-0.09307285769271403,-0.06543733781408077,0.1517405691528876,-0.04000497063485321,0.14479816900665549,0.05100549291330925,0.10843717950093425,0.00813345984177666,-0.05628953460914943,0.20622607062608195,0.022383977459445585,0.0010947069609809812,-0.17356933233602415,0.24438867706624504,-0.11292707191135339,-0.11050142676370944,-0.08072450919401351,0.05447503768841923,0.045920850970216635,-0.008209074788201712,0.14047384291435266,0.20434638837515304,-0.17554870440883466,-0.11800131180818754,-0.07668172780769839,0.1038252514014521,-0.13094182791088485,-0.09292759354749591,-0.007137038632096084,0.1417627928243403,-0.06798534244114413,0.04283450709600776,-0.14838511886561712,0.06741830532761157,0.20879268493404565,-0.24907555584796262
0.13064202294074148,0.05833122870460168,-0.07197403808979348,-0.07865873783223276,0.11236562030553308,0.22117334987233603,0.23208767295349153,0.13727548270303705,0.09931204898945209,0.0,-0.02306486313795102,0.3136242564028568,-0.04841877641334208,0.12775355066704147,-0.2569326953819522,-0.07339465775785868,-0.1810347561296021,-0.08964754169798766,0.05896613039937082,-0.0704142481509187,0.09182983079958632,-0.05170160770230278,-0.12864809228948446,-0.07698127071353816,-0.0112074954241256,0.1552981527102532,0.07626646538360729,-0.07836632482436443,-0.08156827457364954,-0.2707885295187295,0.28157795257230095,0.19006028640313458,-0.08807956896092949,0.08403642826237444,-0.1543861204141694,0.03457623253065568,-0.24504693085738855,-0.1287427246693072,0.29547064731812844,0.04467457710241386,-0.07723523784812958,0.2325698148036733,-0.13348093515352039,-0.18615924519515256,-0.02710599820040208,0.0969909657788378,-0.17464156550770868,-0.06751214892261559,0.34202701891101855,0.13699604869531012,0.04383842173169321,-0.15177033111705004,-0.1106535763797208,0.14074327812677012,-0.05705720582140241,0.1485601194505406,-0.1865263646900092,0.22032384388349974,-0.034152524962111165,0.18844731166481138,-0.10698520513016133,0.1439721267475977,-0.06439759818645989,-0.12444322934275984,0.10338418625514545,0.17865085758772123,0.05411620631350178,0.18701680607833346,-0.08407028275879419,0.2444851968751551,-0.050603604742895915,0.1563144683399361,0.1710268527266214,0.042897247898745695,0.2975392476770887,-0.0015130082014183787,-0.04898525609151275,9.699508761876278e-05,-0.05684319087203534,-0.11670641012099896,0.34632955346014793,0.040271927964472015,0.17694650747977728,0.046701324493124925,-0.0296234905234455,0.2703537352190649,0.1442314066139843,0.05620007712526883,-0.06479504766375166,0.06559871454847577,-0.23545746123290204,0.17462759626827729,0.14090524889139963,0.33798622742200446,0.1382805236991271,-0.02259058124677015,0.05582879557202965,0.1577156355045796,-0.08247379486133495,0.2210392439268591,-0.23565414237607107,0.17492727129555655,-0.12504467287011026,0.16144676672009156,0.2321940466811918,-0.1849158635169789,-0.05730504247030695,0.008777277236059125,-0.21043512859425353,0.192167722747489,-0.010082047669878599,-0.17245392248076877,-0.16299144066779717,0.06536242763710494,-0.0604925908851837,0.11974798380499914,0.00246639855882299,0.17076014920710972,-0.11661764197149052,0.1707102818375565,0.021752281594012525,0.0579874860076511,0.05090820741961771,0.21985970202641522,0.21827410582777687,-0.09651669354203431,-0.035412105564716786,0.2819500042302714,-0.11014832107891022,0.13468545743546914,0.1279832415482919,0.013311217473885154,0.3098629062911936,0.032579156252770636,-0.03514642295891709,0.06359867042356086,0.007070833937474708,0.1778521315449326,-0.054831717423570674,0.008581724153768861,0.22539206408368032,0.1007001045878654,0.1633434103691473,0.08122171401750401,-0.05583222218427077,0.07896105857654152,0.20615728308841744,0.22506905886317058,0.06836412291784702,0.027040611149268493,0.19897957031263092,0.034602970295602144,-0.025690628046492074,0.16089126152428754,0.1533573741338245,-0.06552372120922816,-0.15237461718807585
-0.20787739871300834,0.257801493576867,0.20443976202456088,-0.005846293754837355,-0.14575399960495442,-0.04619820342017861,0.0940130204754055,-0.04862950926428151,0.18643489126861967,-0.02306486313795102,0.0,0.11861087962426761,0.2641012729765545,0.27445736651512853,0.13249061389383887,0.23456592120507178,0.39135628191177885,0.13474818011860454,-0.018952421373307472,0.4174871914335417,-0.07095366455094984,0.13462860367514903,-0.18026977040787973,0.15716140803263368,-0.10062361765106884,0.09356464873940717,0.043516448884091334,0.3687171990532513,0.15897056669594836,0.23518754132336891,0.1483946364593165,0.07623086368545026,0.2003977473287236,-0.20776896790794874,0.18619447155952762,-0.1986545804663865,0.27953506536186484,-0.08162709234599436,0.054440769545340315,0.1832960298672448,0.3721709799700651,0.18839951958027157,0.03760268144576942,0.3787646199723746,0.18764687795629315,0.33429816952039365,0.21767128980618286,0.3018066776391957,0.14818553656504288,-0.025720251805709755,-0.012241701329977693,0.25574198424003536,0.0908088253981258,0.06335170528571915,0.30818552076845607,0.3323287304353458,0.21593291381415095,-0.10689953529767154,0.19451502422212927,0.042190795741520404,-0.007617964019982266,0.27000224601085837,0.2003688501605856,0.41103862451956985,0.16099960076072753,-0.09711856354942787,0.3220114822293266,-0.07623156824112266,-0.007087592959124731,0.021068428880235548,0.2748614942781516,0.332367720115673,0.03875953077419991,0.21923981033217987,-0.12375691972734013,0.2911153918242607,0.1969001250800963,-0.19363485593632174,0.009470232290993877,0.30028564770294114,0.0773113938375497,0.14964669086238586,0.02588283564213843,0.01467684063816653,0.36740869303820756,0.11375540934764525,0.10400716045106673,0.1535377436367487,0.1510777354988948,-0.07158000778097683,0.14278105338308705,0.046452728338935614,0.2610642481873942,0.09677681905574068,0.045137764585369375,0.17095380253644474,-0.283604607369327,0.08636271020504756,0.08681428859904096,0.08961583635463743,0.3015486256731582,0.07797527946411723,0.19713024874466964,-0.16796872192551857,-0.14393884990868985,0.3768555160552735,0.12498194632584726,0.13262797291401168,0.10490644187611574,-0.08804186017932518,-0.025965829988285012,0.3022387949299925,0.3268718611060319,0.07885380875638687,0.4073268700055689,-0.05010525820722908,0.1862776461339482,-0.008653253253101869,-0.048074831611827566,0.2371146414980612,0.22236038157288446,-0.28143730995692007,-0.0424575851452495,0.16706676269780107,0.044140652503011524,0.2734611196811415,0.2843429176951529,0.0479179802946478,0.15567063856137303,0.24475022589866485,0.2418014431469487,0.08253792800983763,0.01991088950020402,-0.11476092600646555,0.377731244843064,-0.13513359972612213,-0.29405544767894504,0.0030268093428492343,0.2839584344401364,0.29371026540673106,0.03877086166616524,0.26409649951817876,0.3321789030870911,-0.051883509979855316,0.1966321855173776,-0.07787712593215639,0.1553844361557743,0.034028272672274325,0.05982590172420023,-0.24168007572046796,0.26720805829533467,-0.08087222471015092,0.011134451678439327,-0.20509105707340008,0.23621581663247587,0.003312063744143296,-0.12030412743136953
0.10860441702764742,0.25478292971699723,0.029014635892273086,0.01731980918874452,-0.10520653542144064,0.25955885103867016,0.36762872803955826,0.14475340715111878,0.11600609858899785,0.3136242564028568,0.11861087962426761,0.0,-0.04580784786315343,0.18393682232700584,-0.21846906650170378,-0.03959970327644908,0.0070119448341161615,0.006705016471995431,0.02414448459030088,0.012752618711323847,0.13264688026861135,-0.12661246696389492,-0.08317359826809478,0.0073466748492111225,-0.004224943649088653,0.09014388911228097,0.2596180074968775,-0.022685016611988264,0.0045641152261361095,-0.21084001089285218,0.3840241424140334,0.24162269788426,-0.04973233312926515,0.008999086016059298,-0.06886772514178294,-0.026322914449226978,-0.052329426149205646,-0.25229198925776125,0.304139533094929,0.05369768181424849,0.10301441658483972,0.25731068139857016,-0.02460539940504926,0.003977292115183158,0.08018209194255949,0.28790469621349085,-0.15183199292993832,-0.040114978784161676,0.40775186727995133,0.22144294015261962,0.22244899033308857,0.037728151145557436,-0.0890265833959981,0.3340648158097447,0.09395168933845002,0.1612667868500465,-0.16789096048878976,0.1598029196437427,-0.09785483072262448,0.2761381172260302,-0.02831622087356873,0.2666836062326147,0.10232953601873454,0.017097126692415573,0.23847658023456167,0.17796765691564112,0.17210874520888392,0.15836459467816674,-0.13563532762700717,0.3278982151251409,0.08925063928269837,0.21918415847945696,0.14561886100579086,0.0697683817360001,0.2330782092459537,-0.06263007460595749,0.006300976371119491,-0.06777974362264522,-0.21012200645748982,0.03726006966272108,0.3956346211653695,0.23007790366104913,0.08854678284371874,0.009361630525929655,0.02744691029400161,0.311608190883323,0.15798210148182784,0.21906401470953638,0.09158356533269812,0.14562360618602305,-0.2211454038062632,0.22202281397054538,0.20680892286890087,0.3963867538202666,0.29778811427249285,0.002185874862659774,-0.017105456005464408,0.1246281649010488,-0.10123986099919786,0.22352361999865336,-0.05717407826627428,0.21893548085213224,0.024409687881087938,0.17207986723337723,-0.03197356738115647,-0.1123714932469109,0.031285399391055985,0.16857149585004566,-0.12546177453897805,0.24702035105779116,-0.007252732575173892,-0.06444426732077844,-0.0442140334795787,0.21569086411233168,0.028768280111725743,0.23332092377834313,0.13284556748859633,0.16578418638380063,-0.09635921952414442,0.09236801406739098,0.06382986611789976,-0.039581721064944876,0.052386142335311685,0.3503486024831383,0.3274915178198752,0.052533252610593176,-0.0331615653638745,0.3821144802130235,-0.07977150894727189,0.2058710971861711,0.24362239692787827,0.05325499744609498,0.2571985883288148,0.06195529117617469,0.010567324173943628,0.10860525978086855,-0.0689656508071704,0.20017722545473007,0.04660454469995704,0.09873983450350306,0.33474656244713097,0.1086583893619531,0.24238794491314972,0.16524551364646128,0.13604448864191554,0.11181554454016861,0.3253978994811839,0.24951781362381595,0.13249918458575638,-0.063289312527741,0.24120087432286724,-0.032943721781532306,0.010994009238469334,0.1294022535069508,0.22610764570710398,-0.09633412901663774,-0.031792602677381696
