0.0,-0.0596547959743789,0.2625933315293467,0.1849083169041612,0.1894620259660517,0.3562814953380753,0.017376008665539552,0.14743430002725533,-0.1380592368773993,0.2986863522588371,0.060466254837342366,0.07492958501976711,0.4330077143990947,0.20782673151888528,0.0810951298449802,0.24798498108803368,0.04439245979433648,0.22299421775909614,0.1543902132942705,-0.03507050646926471,0.13971145064979168,0.16000502582247828,0.41491114786997935,0.14918038757024693,0.04569900413704806,0.4192442237664064,0.07029575721129108,0.06649890028995915,0.08853985508284921,-0.06870780048468482,0.1459895706530819,0.010608916894517541,0.030128851477003903,0.25565465640679264,-0.020037445792064585,0.13728051223324914,0.31209075060325825,-0.09473395922072902,0.1473640153747719,0.3703184442765418,0.17092703690281727,-0.13033364620143398,0.09481374476584671,0.14265579195330652,0.19629446948345922,-0.10115376810861271,0.21525422219992119,0.33224430851236914,0.255713565524541,0.23506682937052317,0.31206817706569145,0.26435054565190885,0.008002417637190435,0.33799745931502456,0.40054860241143986,-0.043929273111227254,-0.12583622251103008,0.11272203673832672,0.1399682028996146,0.20299236685691255,0.29861857266974584,-0.13068940764967654,0.07701428983780506,0.03473176551227782,0.3945039287982629,0.09503937067734303,0.269478070694863,0.02770713008815807,-0.05343927468949084,0.2617224533107234,-0.04736891032757102,-0.09926839641798209,0.41618282404018525,0.44157570286882303,0.10534632350519436,-0.0889014810090782,0.36931371310348843,0.3940698167337232,0.038248220990450395,0.2746332443377932,0.3091741982734676,0.03889602385066115,0.3538250944353245,-0.1018543990254526,0.2849787752460055,0.2334844677792409,0.04383948390977709,0.273157838560913,0.08493172405799536,0.09767537005208334,0.33544293150525506,0.1470490257421254,0.1874120059908196,0.0904367088137686,0.21211035892162133,-0.01779466101834525,0.40301480506781795,0.36609982516769884,-0.07887523255254203,0.18239631806469067,0.23593148406893588,0.15823442790455844,0.20491016354947766,0.3421974660466549,0.19253136861040937,-0.13092410969971968,0.2950179515906148,0.3969394766203996,-0.048337142926692195,0.18398115794054157,0.13796665028748215,-0.038306369210698764,-0.1136241714903957,0.4142799490926209,-0.08460197827374846,0.15972741685930422,0.30016482537987116,0.17653721694042027,0.10534073206397311,0.12327327899395628,0.18266682868770248,0.279388798063126,0.37587291258141187,0.212867800704621,0.17734345970223098,0.0793632507348284,0.003915948210242281,0.0781017134010899,0.043888698776548614,0.3335068825065264,-0.06863560790319179,0.4121072238905448,0.21341686284148167,0.40629953245389483,-0.11186486821256525,0.009999111826092009,0.2105668403436031,0.41570033212644475,0.29809017158127316,0.3341790031152407,0.1261761340451537,0.07384195494042721,0.041914861248011956,0.04968466864207893,0.25924847469516177,-0.018409247795533105,0.034750057837714274,0.20884348552277276,0.4273599373138739,-0.1327205971448589,-0.07136720007473937,0.03702297548068315,0.03890464821489249,0.1979299735653609,0.208184757180229,-0.26296566195155074,0.2324073392117142
-0.0596547959743789,0.0,0.06869708428773719,-0.09175119974312772,0.29764423142040153,-0.09633584995681889,0.12667691465210704,0.09334637619891857,0.4413557950726073,0.006651927951237029,-0.18577512393939674,0.3308300702767702,-0.043690232681620186,0.03889451696260948,0.1478920282126905,0.09807762353766256,-0.17077907741518006,0.06502289019828399,0.30068951309116315,-0.08914335503477867,-0.24599420586513318,-0.07069551008394348,-0.06986187031605473,0.22903488645411965,0.23880723575780405,-0.1517929603476637,0.16108110797447145,-0.019901249438498136,-0.05885799998817233,0.09335688180720068,0.209627799007268,0.25542970644283275,0.12024448353526584,-0.028460122299928305,0.14329527643155832,0.1291872600535157,0.14895531991725056,0.0009030817426113477,-0.029452824560335353,-0.0999070001123932,-0.17842562632814715,0.3482669526129972,0.20641329068726522,-0.27646125825646783,0.14309358554440005,0.4169052054896223,-0.06526785008855575,0.020681735370609744,0.031248761037212625,-0.03792950581138506,-0.1320546201324718,0.015970153195305987,-0.02484162066020821,0.04159701086543919,-0.10771223640547481,0.03175872521760319,0.3372120522446323,0.2233385348330162,0.2676511329293204,-0.09374706193470642,-0.19939157455907627,0.39632380283397994,-0.2665878076435233,0.17186061207693104,-0.1247595347452594,0.05431751130412747,-0.125856772508813,0.12983835257392204,0.45477366191937985,-0.09406375771375917,0.1861402494051061,0.27025374421753723,-0.0576574181441056,-0.14489158087568293,0.09227557101584488,0.30741707845611066,-0.00484433579983065,-0.11196889531977058,0.3864779712516631,-0.05883711624371794,0.10946252687888755,0.30208407836109713,-0.1281333250799691,0.09472875762309141,0.04006251868954849,-0.11092841016827419,-0.0949592109623509,0.07935469586187668,-0.233509954438216,-0.055592305998604714,0.05767862174891399,0.10366995355148756,-0.22545128601274758,0.18696343860193734,-0.22640404715528745,0.2433440336007672,-0.10657134730603017,-0.075867024047658,0.4489664156822241,0.15285330683000972,0.1759106863916064,-0.12470680949829882,-0.19923557462363412,-0.13982322773157174,0.32213810213187577,0.2581427287704371,-0.14146026290528166,-0.1038574908768718,0.16830252444415114,-0.0963490621752701,0.04653637153312016,0.17256934955641104,0.32147767639605535,-0.1828363095793839,0.12204926114354546,0.10044827098886934,0.027978085981010047,0.07352114679496585,0.14282612114360252,-0.16241915976359372,0.18088363355897377,0.08581042993192455,-0.07037089675102462,-0.18282160908815626,0.07320100637893534,0.08707376429032632,-0.12315296175835871,0.12649195172812613,0.2548205592498772,-0.21500490416665263,0.3650549530376055,-0.1394992502609381,-0.20861381383866928,-0.12202914261895015,0.39757553224508535,0.42813657294632035,0.16152017904711016,-0.1057266632186646,0.0826036386757204,-0.043976499470850854,-0.11954416608205652,-0.0555707979068506,0.413623308357684,-0.1974790926950505,0.013459022850964076,0.4361168420312801,0.34557573735244534,-0.23900802172164662,-0.034831764465567835,-0.057049084139201976,0.4065402527973883,0.3098926251531368,0.020873644419338058,-0.11537052266972354,0.06711690766748231,-0.027550496167820113,-0.05472381165124631
0.2625933315293467,0.06869708428773719,0.0,0.3537790711129598,0.1924093223964881,0.30667568715984045,-0.2157204489265622,0.1675318814540497,-0.07483233882454263,0.10910016609785743,0.02732205410835299,-0.053117229427310314,0.3036467649125359,-0.03988590750999719,0.1503670254536412,0.46623971743324627,0.1593824113301043,0.30333753377099537,0.06003717162725721,0.08975524372749573,0.31086760269114283,0.14421076466905486,0.3629459542745378,0.18576184000660717,0.1906080764238456,0.2988741288249793,0.2298332990710117,-0.012688864859274004,0.25704090303467864,0.017480261839063666,-0.05980972800143319,-0.05755829577147972,0.1757787905035102,0.17089125431018368,0.12970689098917138,0.09259101068522983,0.277508972689467,-0.03645247123614086,0.11103322148066616,0.3764614150519299,0.34229100528187284,-0.1535033459063245,0.24557765776519946,0.1763285691148725,0.2287286751194727,-0.021213810173127727,0.2795386015598147,0.26599704752033043,0.002831912107214835,0.36518799225105075,0.3482808329231743,0.2881645111338763,0.08853195853671066,0.3055014660306027,0.4007592746333372,-0.06861900750707751,0.031144778343091647,-0.07524184192925362,0.16131711796220677,0.33095406865322297,0.3133715053261123,-0.08903620011230168,0.26907546030030016,0.102882149468267,0.30654037933150846,0.1529601150212954,0.3555692135957945,0.17723618628602397,-0.003105676260452114,-0.004634717412142246,0.022702717270315385,-0.11355101271923859,0.32896208776743624,0.3255224194562876,0.18345165719782552,-0.09212081561015822,0.3321033545041247,0.28278899421701903,0.15793631391101617,0.430699988525469,0.14928189225219154,0.004415381704588737,0.23743469736441578,-0.10797254890042432,0.17262891748595316,0.01508739601764506,0.244897596453209,0.3806480187488643,0.26951286150614323,0.24209620245238217,0.17692251538316006,0.1785870164832077,0.3026530574892476,-0.1147808139731835,0.3023374233580586,-0.017227159973250115,0.24024660117088095,0.1932042304659362,0.00019135569467646456,0.1415598390033271,0.14958589729185412,0.12802285721856208,0.3016158918115368,0.3586829826229537,0.1301428949490176,0.008246492925179297,0.35685957111714656,0.36480425045938364,0.031110318739009744,0.38234250359175986,0.2483944908765883,0.1632729690111463,-0.1885721284933646,0.3474456714946182,-0.12047317370260167,0.3701218171327514,0.36160656605634117,0.25879997874717187,0.1836866797095347,-0.03309936989024624,0.2308839480496138,0.09747846172079308,0.14958343621428194,0.24450194305896533,0.06149317410333284,-0.07526757022290137,0.23912118040273567,-0.1258181262016518,0.251427788128319,0.2558162762045836,-0.06271439889241263,0.3562066412046859,0.15560637311237507,0.2998333378252769,0.024433235709781426,0.10696108920459352,0.21043699483922937,0.3218544163669902,0.23961869046417741,0.44265761955103083,0.02967816176072388,0.2987801584009667,0.08215079327590447,0.300562930754673,0.3330518151894307,-0.0035036894677835857,-0.04098588175830757,0.33191269762945524,0.3299484325238867,0.023479438477719772,0.12756385656668962,0.16842980220023282,0.18800495450837393,0.13530781298235559,0.29472135886975764,0.006831021436673756,0.27774138952945043
0.1849083169041612,-0.09175119974312772,0.3537790711129598,0.0,0.05066558898521215,0.24185803070148498,-0.148348500194881,0.10066190666354463,-0.14725363767179306,0.09733304939037386,0.14612348909286657,-0.10680879079616278,0.1989603866477255,-0.0419520610054259,0.21123225878396312,0.30147068923083664,0.2903013018468674,0.25963558516368784,-0.07377489363154952,0.17565105513364687,0.3784098523677107,0.1566930827975065,0.2784616487111824,0.103945934279798,0.09895601378422703,0.24982994841755155,0.14988632814504477,0.0691549257460867,0.335615770747942,0.031214607520625368,-0.062397466612585,-0.055237318773895754,0.15552704088584368,0.14959428699518434,0.1615033771836081,0.04947248816229766,0.17833724432848616,-0.035552314812891804,0.1807328985067529,0.28420644689985036,0.35763290217115706,-0.1675293948805858,0.06706157170655287,0.24763301963657589,0.17974113892123086,-0.08622799396255641,0.19250576491669308,0.15880497400245,-0.007438747409052931,0.3030985308935245,0.3836056124596886,0.38833373231517204,0.22568673700481912,0.2844496932526162,0.31040430852460615,-0.027945534796881187,-0.01374235141272465,-0.09072484124297252,0.06197568648976673,0.3766296195069434,0.2998928486517422,-0.1369967516839457,0.2995777025781452,0.13094059501694189,0.2590995564258763,0.2595449283833847,0.27950025953438007,0.1913020070903435,-0.10956618784892899,0.049806249860736375,0.07378477764624132,-0.10337004841118849,0.2898440172189615,0.2791826057755145,0.29308879112635133,-0.12678677842883937,0.20450842558149995,0.2156117524546485,0.04745715743975039,0.3663515622103613,0.08811855190453768,-0.024377128572444118,0.22176773419379522,-0.1713732688506739,0.16490779476801212,0.08746855667291414,0.1952166425844264,0.2902919352654712,0.3314258468508706,0.38932083624163244,0.05462634613260733,0.208023178015526,0.3242958634712941,-0.11497355467416545,0.30279821553397235,-0.007345470863169064,0.175022057111771,0.19095771416642657,-0.1109847059854577,0.04473479981006528,0.14540290001337935,0.20321125365163142,0.4067414895393311,0.2774772432501465,0.047264669559989064,-0.0002207665242824037,0.28557273298278735,0.31335011149996417,-0.011576163674675705,0.4422003045826543,0.1904896122180028,0.1241815148480896,-0.18614871108865083,0.2949281584826098,-0.04812973545721041,0.2179756899631566,0.3723539898038793,0.298353545119788,0.1545558525034607,0.10428871750915521,0.26906821662131686,0.0006798245126124473,0.06415556497872878,0.23672889713799894,0.07469976707286562,-0.010151114425748564,0.2860172646344327,-0.08061956632453393,0.10725170863339105,0.24929384734025084,-0.09283005603759817,0.2716583273221644,0.18350583543722837,0.2305362857723935,-0.07543794174724089,-0.02079497315450613,0.13512050320401808,0.2196330224896978,0.28544993054645573,0.32895325648204915,0.0983652886179511,0.27950908048884743,0.0032363034677123205,0.35696423810263755,0.3404291913982063,-0.0967759798933298,-0.11452898828265082,0.34023899964726934,0.2142290108836035,0.08453488073405876,0.005427743945871338,0.010217129582291958,0.24606293499740053,0.08211662519744292,0.2717563603015341,0.04167620422523325,0.3972474587239047
0.1894620259660517,0.29764423142040153,0.1924093223964881,0.05066558898521215,0.0,0.08120321829609181,0.047414409521578126,0.109138726341681,0.21146664103227206,0.15596839770189555,-0.18593548741761928,0.21620375585592375,0.1739043914123016,0.10281197277469839,0.21565118732309216,0.19647606155686317,-0.08739872341879683,0.16658805868867485,0.4327916351419078,-0.14187845722935258,-0.10220663182251892,0.06357747516129376,0.13791617487334917,0.2774755071575029,0.1803009244486949,0.08473826658987002,-0.00038527153184330764,0.01024585520087638,0.01886430068292938,0.027127590408616398,0.15601140089384358,0.1655882557538952,0.2417383932672618,0.12356226596418235,0.1296606231963845,0.16412836769584857,0.3377495853751101,-0.034329627725419594,-0.04696139477823142,0.10111229834511057,-0.0035787050232922663,0.13340837517570897,0.19292007340143175,-0.14890390657837024,0.27695613848427414,0.19897307979567624,-0.0512534713839102,0.09012054987075609,0.11297351274964636,0.03799247747664396,0.06634843578371998,0.11906379141605807,-0.007941379264173612,0.17148512802871818,0.14013887843637374,-0.09185344670897429,0.1668944699879541,0.2259921678274438,0.2965085379789908,0.04998690736910868,-0.040836803353399495,0.19264479950053198,-0.14657276032734065,0.1538944777183219,0.09994065350523902,0.068696742975594,0.02390024413191425,0.08139633526420305,0.32154099468227193,0.017331212698817877,0.0943872537758445,0.04809762121783152,0.20247049489255245,0.08118848817989692,0.1687070579767313,0.11977887058913678,0.09877151151104022,0.12398023915445132,0.38970891606037983,0.0734758742553089,0.14963309170603525,0.20948066261309076,0.12936604054782247,0.046676424616063625,0.09133072918608887,-0.03490021063145133,-0.10393632019132114,0.1517548095632618,-0.16303526545835095,0.08704590009729572,0.08395925191549795,0.16637159903435317,-0.06607225894698132,0.14196609303870603,-0.0840875962500656,0.20329333040424946,0.14434960886426734,0.048896086901241934,0.341572473616636,0.27055059284628447,0.26086935043120396,-0.1139715825995123,0.01767100476219424,0.06972182271251331,0.4181023077381689,0.15301973437100339,0.042643657718539695,0.15365975874723894,0.054408176958785345,0.0792597513758426,0.05141662448482965,0.06867481384783589,0.16027270627000573,0.023179685920084188,0.010746335961320796,0.14974645176790044,0.21603442622399158,0.13551269569694285,0.08890355767247365,-0.14776127994251043,0.21452328881870442,0.14224398678913452,0.037112238279178554,-0.10295365752970564,0.06260690125207576,0.06768949756982429,-0.10241530886226895,0.07671675186271228,0.21344695840071082,-0.023889640705295992,0.18665783024411647,0.06760340723636275,-0.1335295110441088,0.058043853652399696,0.24475348947457853,0.3215903548127778,0.20027544174231576,0.13602172116594793,0.18431814100689875,0.10232405666059474,-0.10394612864159042,-0.04777987101530004,0.3226086937196481,-0.11230949207677825,0.09922882122348334,0.2419510382909724,0.20921171541975842,-0.09056656930562233,0.15425455004569952,-0.17392059383518316,0.2878724645874204,0.22260216698400884,0.04858189807497516,0.0037617292276225893,0.10332346680045265,-0.21866352751547416,0.11882683206544645
0.3562814953380753,-0.09633584995681889,0.30667568715984045,0.24185803070148498,0.08120321829609181,0.0,-0.03364826257882559,0.06692372691520478,-0.1696700265634531,0.2991536924087375,0.13917244810019927,-0.002880679136085421,0.28602237207188513,0.07656079411586045,0.18227979336601768,0.2863951590268458,0.14133988400379832,0.3417737622768721,0.05752341526910661,0.010409740985255395,0.23316549851158352,0.16957346671587378,0.39562175440827935,0.1476465648840771,0.2292138669514665,0.32155275202104955,0.16846799698687753,-0.028321287433984196,0.16471416403725564,0.0918133297436328,0.06946198689233554,0.019075536760974714,0.10961006128822197,0.26216244129886995,0.1764633528986345,0.3159780240625078,0.2986067336933448,0.13524958265216133,0.08948714650474607,0.4013075940158686,0.276505710981327,-0.13780481601039427,0.28683725494341883,0.20009834902637855,0.15790942178619807,-0.1408732271913594,0.3318662543926039,0.28767595050641115,0.08106588160437289,0.4229477908043995,0.34961308555047754,0.26283199922220984,0.0237766274640309,0.3334146516668645,0.3910493350908954,-0.07417606914684191,-0.15305470775574362,0.06500894991999291,0.2667767478171419,0.3237336507531103,0.44802941241308625,-0.11190410391761021,0.2377184504254832,0.024063936412993977,0.28359172920746684,0.1860941194784839,0.35710130364238357,0.1716979147992718,-0.14129339855490627,0.2756803740881607,-0.0032473572837006964,-0.1112286855239598,0.3568854706464235,0.3352872198686251,0.2110267576648243,-0.11106590639383739,0.3445135246175078,0.3584526400357187,-0.042106647741246596,0.33741562918433887,0.22488733033229022,0.05876591520520408,0.3344535218730838,-0.07575324394399358,0.25549042041807024,0.22718127785124248,0.1246451804496845,0.31951337961736054,0.19801428176707334,0.21428252662255873,0.24533436899656968,0.25908543216799695,0.2845857563314082,0.037383303132177394,0.22884561158335148,-0.07010708999385991,0.3785670978014631,0.2669740138317675,-0.16661590715170732,0.13671686656904367,0.23438812375102883,0.28711649669914985,0.24792095192567332,0.34594263398021147,0.058930202550669594,-0.12774303491333094,0.3549126666606795,0.36083666676031284,0.022797835160770677,0.29815886319435103,0.38234239018960714,0.10747785497095372,-0.15270407808713857,0.37790019550754933,-0.09606378435426105,0.20841342851718542,0.30297796889963907,0.291767027295325,0.04565138477702424,0.2372301223571934,0.25848125396770544,0.181846655123803,0.28140862819691403,0.24276369294313127,0.2686617969310851,0.021682696542462424,0.11401033649685659,0.07392839281954328,0.024230804331275474,0.313038607818371,-0.19316555915011532,0.34789620782158526,0.29323826150770493,0.3670935519763489,-0.18077811455613563,0.04243904041131202,0.24276459187570118,0.3835256211869877,0.25162588436702116,0.35455772592855295,0.2062529206318608,0.17035521679672966,-0.03947176653441368,0.20953073464484062,0.36275412322409334,-0.0370249986925355,0.005175248159142619,0.28506700444831096,0.3682819414585086,-0.027535897570712346,-0.13177085720543194,0.03295734503514647,0.05690170176863287,0.2285696822188104,0.29170024830678426,-0.0777060050766619,0.29889898276883214
0.017376008665539552,0.12667691465210704,-0.2157204489265622,-0.148348500194881,0.047414409521578126,-0.03364826257882559,0.0,0.07893899974051341,0.2146230112815521,0.2119648770568427,0.12216855458441507,0.3989544239451292,-0.06871455163096593,0.33346432746083127,0.13073538786424743,-0.180029704896531,-0.07630605947412164,-0.07326115810525184,0.15156017867879057,-0.06392290014605662,-0.3093379741272692,0.11310412040583637,-0.10673499379568549,0.16343281553469083,-0.006106283763393467,-0.13536241248357803,-0.16615627178879588,0.15862303494182528,-0.1718243539073872,0.11952183991779441,0.4479905626369534,0.363890804554587,-0.0011757309520703668,0.14947303178408827,0.020611883380360064,0.21224664915735086,0.07207513882062086,0.05693743018585824,0.025328467991653485,-0.12124556204927552,-0.25401894786381674,0.3408768527149199,-0.004693949015284916,-0.11090076522894218,0.08999886127783717,0.14111554704608079,-0.13730269222274993,0.02472850339917152,0.26673314804397485,-0.16011657974349916,-0.16381320460787424,-0.0035309281421156144,0.013449846859595528,-0.012082962448261021,-0.1386294119059293,0.10876045728272533,0.008015251396697365,0.3552002642501725,0.14315906263453002,-0.12259247121102192,-0.15788052307612685,0.31256909303098546,-0.31367591595684813,0.12621051243248269,-0.0471327891751551,0.012938276221980074,-0.19901722166050584,0.13173792751595453,0.15156451892013645,0.32433716404700863,0.1798660574475006,0.35641035477006605,-0.09073671977511245,-0.09690052759807226,0.04684307017103666,0.270407391863036,-0.05412311463780332,-0.03586140623862228,0.03588391481898806,-0.23832352273889376,0.24947526713333174,0.24710171163668337,0.06699574242537398,0.12182512567955728,0.18605297326112077,0.3060186846027617,-0.198347159704729,-0.13809418548219526,-0.29088438100399977,-0.11373695590588481,0.03516936145732858,0.1402188044744118,-0.2631182849016867,0.4613055753347463,-0.29989851152870367,0.07917798485831662,0.08245878996709129,0.0745603784460784,0.13960695213342927,0.20029536022034206,0.22999867724856884,0.04620766620287553,-0.2231900759351229,-0.17645438606998354,0.12879464489102607,0.06743440147183535,-0.20064017896651434,-0.18164037140928957,0.10724529932513402,-0.19192516008446797,-0.06315624192900872,-0.04905396500722651,0.3672738562544871,-0.1523336422276613,0.23538067880717925,-0.11001058314644281,-0.04682968454047258,0.0129733972753121,-0.013842315186087611,0.20036929770946202,0.09465265833880243,0.12429696415986614,0.0704534675487602,-0.1454895922790176,0.3056106526176781,0.35459308060264444,-0.24563701042635375,0.4664998290706946,-0.21824846611465343,-0.11736557051669941,0.20751366333834811,-0.20170082217944527,0.02284634160620446,-0.15170521497500417,0.13558870521526584,0.12556195727730338,0.16484657789306367,-0.027828937424321833,0.029206383785416505,-0.23447244081933752,0.24022395066227603,-0.22212387624766483,0.12555929582544384,-0.3032331205126256,-0.09957324041577313,0.22766701973125403,0.3554119570571866,-0.32576833088774204,-0.10434910621523182,-0.08997342010859993,0.013348132300510629,-0.11253499505175064,-0.07563448435578196,0.016895253667170342,-0.07714190634247631,-0.1791441050801097,-0.07636636881547527
0.14743430002725533,0.09334637619891857,0.1675318814540497,0.10066190666354463,0.109138726341681,0.06692372691520478,0.07893899974051341,0.0,0.05087440216925375,0.06820278045307485,0.15202672712925025,0.11637737977700167,0.16498631463609964,0.13301384424607895,0.1457166573261938,0.19861800704960972,0.11834656902468946,0.03688460140605806,0.07608124805898835,0.17689869470555675,0.05435887589522983,0.08262089533990101,0.12291125486953201,0.14622263879732586,0.09002601076379481,0.154757806270753,0.017450968302869324,0.15102732574356256,0.08693422693847602,-0.019428575733635402,0.14989583586347596,0.025565212394874887,0.15344168970927952,0.03199990818742084,0.011620104992883627,-0.040368079092410705,0.15921284819289747,-0.07219440630642264,0.33636789424660485,0.12464891655662919,0.1437964070065062,0.05990617319040722,-0.02420169294312995,0.17287859102189257,0.13097603844151595,0.06156626140534466,0.0205453879805388,0.15716592007037622,0.24399076393304608,0.04218851763056157,0.13889695210433117,0.20521651962112608,0.09037565471152263,0.15991426077519597,0.15245214689696795,0.15285157465782762,0.10170374097585935,0.07141750477441548,0.02586704234176031,0.13328191360896208,-0.019654548816576432,0.05139910652519667,0.004637434691449117,0.18973015252957073,0.22925284924620062,0.10720021546413229,0.06161091276464876,0.18972844055641933,0.10314752274994932,0.0542997476951303,0.17682093066103702,0.18928076077285913,0.18836944759487143,0.16643233842113841,0.06086455507964991,0.07113792638659497,0.1481435393648569,0.06251320869429079,0.14613316804909823,0.142405629821807,0.2553925873634373,-0.011935826095230088,0.06048262871111371,-0.05034204494228644,0.20820376308304087,0.19015768376015293,0.17394187938509645,0.12901614627534133,0.06387923128545246,0.015979642282197167,0.15056712099596783,0.17087485201247846,0.07745472230354247,0.13693095253197837,0.1182531878490146,0.10914340980445046,0.05666965153172743,0.20852785639420574,0.05119215305777023,0.11895823408393771,0.21142384538544076,0.03840581026322796,0.08662333712224254,0.1157741023346921,0.1857762826159599,0.05784578528647151,0.10517114322584387,0.1251935864467501,0.13444248566922026,0.07881760184792058,-0.08839853915055258,0.013773008231008957,0.07743582551431896,0.15606525143488043,0.06806624176339991,0.2754177764282307,0.13051086037888002,0.2266138332988071,0.15240373864006498,0.016883550468794598,0.15567863047310462,0.07245957091411705,0.0684259896241958,0.21667837147445418,0.018611408650212873,0.09946917390219463,0.10234870683533177,0.10079645142493177,0.0774112008476978,0.14959068329050393,0.2090165080871049,0.14363179203112397,0.20147638706656956,0.1097878091916684,0.1403657755797241,0.003793039634694306,0.08504190737057239,0.12576774783241074,0.1839704570649447,0.17078925161227917,0.08973955979749865,0.14642398291444875,0.10446932667300776,0.043096532845927134,0.08116827203839627,0.06348782376130555,0.17382068859284527,0.08099274816316782,0.14493406793702598,-0.07331023705111131,0.22044559221070165,0.11926961496577146,0.059017420262610545,-0.004738641267984317,0.03537483753398526,-0.09631170357501505,0.09630844264434912
-0.1380592368773993,0.4413557950726073,-0.07483233882454263,-0.14725363767179306,0.21146664103227206,-0.1696700265634531,0.2146230112815521,0.05087440216925375,0.0,-0.023659880497736423,-0.13552454404738454,0.3075226557326295,-0.11487705471220101,0.042392698573744246,0.0870116547840954,-0.061991318483829744,-0.1609220282788526,-0.004771697145084331,0.2238712091886662,-0.00839391091981366,-0.2756890686120732,-0.07527884100253328,-0.185551799551299,0.20162230830093117,0.160699378512351,-0.23295368362437188,0.14536505739957778,0.03603758969953368,-0.09098231001272046,0.06961719974178049,0.24299235470009287,0.26690469688524593,0.0709686267011631,-0.07358917043483469,0.0961440861704158,0.08508265938871216,0.07711151550427028,-0.052830970305809695,-0.05018891267035701,-0.21873382338102185,-0.25456566949840226,0.3933183138118117,0.08622425234329263,-0.27396867035289485,0.11625743185288913,0.4548445542068582,-0.17119092806731415,-0.03421262321990203,0.042036898424524294,-0.16212263647814265,-0.18979902157737794,-0.05012327375961551,-0.049393373187722,-0.04788402712839341,-0.21127644407069401,0.12438759105268643,0.34672408872365873,0.2552545761955528,0.2225437244319014,-0.20195269313717962,-0.2618883781846366,0.40657722327096696,-0.3066843737967301,0.12868308319792565,-0.2079807272032252,0.027798529002065683,-0.24183802860548986,0.09961837098992345,0.392007329371456,-0.0712673603854004,0.175625511663363,0.31878634856391536,-0.1784053334561193,-0.200365000921204,0.07019537651692255,0.33998612096809266,-0.1250537180522211,-0.18526623291762395,0.30540760332539074,-0.20613297004962855,0.04649865081559587,0.3515608400996523,-0.17455363220460648,0.09555086676972074,0.0404128809737888,-0.03419838062263951,-0.10151792736672784,0.006619611378606166,-0.2665642317028237,-0.11148097152131375,-0.03594529331757828,0.07183726466404684,-0.2441585241620487,0.2103524021694584,-0.2606817488230317,0.23518475660837979,-0.15530976743807642,-0.1482085134991075,0.42242513395298503,0.15905685675218398,0.1184779843716706,-0.0822377974142222,-0.22561283220096198,-0.21291380428139017,0.23013639719190274,0.3240606299745661,-0.25713026941870576,-0.213365283996704,0.20839789227929736,-0.14983882534567552,0.003971537157403781,0.0812823647715668,0.37299371251334346,-0.25878614537524863,0.2207372277033725,0.015608564037269948,-0.066386334635623,0.03691688309666777,0.10768192359157157,-0.057340424826932516,0.1467685190435799,0.01709056600738455,-0.11763464072494856,-0.20525432441361818,0.07208751600569137,0.14379768123053135,-0.11221593204656229,0.16203926310677308,0.20586107759632327,-0.22710419517269104,0.39214487160701333,-0.24352378927306972,-0.20934306781222348,-0.21287648603885184,0.3948922521943903,0.371646693733993,0.09684508997839947,-0.1971813360201987,0.0378580760948582,-0.17106686267632898,-0.056941668806039125,-0.08357712615216928,0.39499233596704186,-0.2396815499181713,-0.06795386383814718,0.3983136649378985,0.3401052152592259,-0.30744260971240067,-0.1485144444597601,-0.06807413574255998,0.34467933875308643,0.25353304040721775,-0.009884646174553915,-0.18496307198788364,0.000668274141272047,-0.021059957526581716,-0.09344781817334767
0.2986863522588371,0.006651927951237029,0.10910016609785743,0.09733304939037386,0.15596839770189555,0.2991536924087375,0.2119648770568427,0.06820278045307485,-0.023659880497736423,0.0,0.028966141531527916,0.2271226915649278,0.2101459517002936,0.3196743704549807,0.15526741671919111,0.0781123703335749,-0.04043947487793769,0.1993777704619062,0.22626576490831068,-0.10083662869957968,-0.0641210308161953,0.2244851932231536,0.19253979228342938,0.21198033204172764,0.006446443682494471,0.14036060519252297,-0.029725405924796586,0.12660606241673175,-0.10421944532854935,0.035940824410621734,0.2899736484134678,0.26632595955026434,0.021858274990035214,0.14531460726512785,0.04342808408200767,0.30152633409123997,0.3274331491309069,0.010517134720438267,0.05825830604308258,0.1713713185173536,-0.020964691884853497,0.034308551301703266,0.11618763856985846,-0.00449968993542285,0.1374672734164958,-0.0622500741414709,0.07673590810698026,0.2680020459868836,0.27263330295056565,0.15141779482982695,0.08143995543673656,0.15078068099151545,0.013831977173595291,0.2151216389683165,0.16674305395057507,-0.027816852971217238,-0.14395943835278394,0.35402703902549654,0.2608962411630999,0.07906655480091423,0.20601368348409113,0.1252320886341873,-0.09858619771018157,0.005583325717929448,0.21371728743424334,-0.029560966876163483,0.020674811404786383,0.09016346582206679,-0.03215151296913254,0.3516499557641799,0.0456199222698726,0.07648132904113013,0.28878871811706047,0.22712929178131838,0.06219585363980674,0.11792064645897433,0.18559167198267323,0.15479025191365875,-0.017459263235132576,0.0715576555352632,0.3880423645988829,0.17973668737870008,0.19692706453408873,0.022432894417891324,0.30755668528393837,0.23911216203856714,-0.117198806410849,0.18115616273491475,-0.1222391026379434,0.05037784290175965,0.20710516404279947,0.20357955468037273,0.03137055347574517,0.30800205780657075,-0.06051774496208238,0.10558643725434214,0.2521216396830033,0.2813542707915296,-0.04201736039640073,0.209156924723518,0.22690785013743817,0.14186101363874784,0.05271992582053983,0.04788205614295914,0.20173105284142565,-0.06426740930498966,0.04203293579748412,0.19145738309739332,0.03463565712769114,0.049747507181101415,0.1670311116160842,-0.02615841308053039,0.0754059208439858,0.18509829646743284,0.14130396764328954,0.07140189229543052,0.19308268254128103,0.08614447029454138,-0.0015539132020028395,0.20914634431587809,0.11777187874810306,0.15449058354498735,0.1463951301522426,-0.025113152786994674,0.33936295167050173,0.26352879798498974,-0.1876060680883892,0.30533180587527625,-0.15846985277830708,0.19287250179937734,-0.04757257844687765,0.1745535368283426,0.1558992345783115,0.1388388821537447,-0.10803293038974932,0.12411186610905876,0.1994110880695873,0.19808882748451112,0.18681515769514098,0.09393278866540239,0.1360148176099574,-0.14015713086795245,0.1181339778817625,-0.1123516659038333,0.135909323904822,0.10510518633529237,0.1505497765980873,-0.054639839216460775,0.19863294496926548,-0.1322434861291295,-0.09952590696060337,-0.08672121825568234,0.1156362131804932,0.06288719523720519,0.12119479179580478,-0.23631746737460071,0.1502474643541062
0.060466254837342366,-0.18577512393939674,0.02732205410835299,0.14612348909286657,-0.18593548741761928,0.13917244810019927,0.12216855458441507,0.15202672712925025,-0.13552454404738454,0.028966141531527916,0.0,-0.099890466454297,0.07298538264042431,0.17600130390973173,0.11340054992549917,0.07757110151652047,0.38149321096541694,0.11150929072489528,-0.24815140340322644,0.2860227586229047,0.14835544662390615,0.1944688357824887,0.0920044905593365,0.11912783090704682,-0.00040999213393732274,0.1733177935339667,-0.06931472446253917,0.31342296582127793,0.26856313462496667,0.20361100002111132,0.09506589849034686,0.059526338661663805,0.18419806790007695,0.2280443436853396,0.1763524102309911,0.04135246636320005,0.06625908233231595,0.07936679334891236,0.20206477390106997,0.21551000968546027,0.26160863149781044,-0.049979499738191074,-0.019986063850836778,0.309190677667944,0.15997451413230063,-0.10231434238168619,0.04867948077883833,0.14802420662302998,0.1802685514970624,0.15731042902539646,0.25059844547927906,0.14484972100796947,0.11769351999202919,0.08104879749208127,0.1213257264143492,0.32747041217479406,0.010427782757584525,-0.051865073132576496,-0.0032278254465389475,0.23208422009040497,0.12923503907464493,-0.06956322068441669,0.1850754908368499,0.2465835758533098,0.18957086359857592,0.2518893899903547,0.20220682985844132,0.19487953830829985,-0.1970164321279253,0.2726840325350699,0.20583606452429445,0.16540843278810596,0.0860559873442766,0.1034116988662183,0.21391393802410255,0.05535366499546364,0.12814293624321824,0.1834041516947101,-0.12566305798428593,0.11416396997967039,0.10277365016144975,-0.0937389994231797,0.22482724713150895,0.059237206441589134,0.2670340699382636,0.3542057729999092,0.2507824448442052,0.02615797510899466,0.2177092811777595,0.16704063218871798,-0.005673117128373211,0.19250936400258925,0.10569588857424835,0.07164324957491473,0.15302508678607968,-0.0912453725851946,0.15879235274186207,0.2313828665857863,-0.18850132828554142,0.14917954417256088,0.15673852388605522,0.24099237912642174,0.14951257537055387,0.20111928158436826,-0.19455304625384887,0.11161657367652483,0.20175237367725105,0.0866449610769477,0.15014608001028612,0.14920369828116947,-0.0017870616509572525,0.057595194201781434,0.03433115986578309,0.12813547939117972,0.1987801622440456,0.18148739915420387,0.012243597472741907,0.23808938854200185,-0.037915598403223096,0.36060571572751227,0.18610014964969288,-0.0015673759065421835,0.08785373972959204,0.33425678495901123,0.14417854630236962,0.21359546176782404,0.26246148876776015,0.13985673800795775,-0.10424691283673182,0.1865140993347281,-0.05797059805808766,0.10996700015225833,0.35067626024145865,0.10541989226300193,-0.0051133514205792445,-0.23158101477145948,0.11218548398450885,0.2066418217110497,0.10366156992966476,0.10590041458354901,0.33635396642442267,0.23151342157329977,-0.2384930753499901,0.19540078684915027,0.1441736570919562,-0.18898420269651708,0.029650052067660602,0.1624871700737318,0.0843524136604778,0.005274248763512476,-0.12861325796919626,-0.1860687795956453,0.020678073749972003,0.17854760179103202,-0.010205920328327168,0.0346273639955672,0.15053212984737158
0.07492958501976711,0.3308300702767702,-0.053117229427310314,-0.10680879079616278,0.21620375585592375,-0.002880679136085421,0.3989544239451292,0.11637737977700167,0.3075226557326295,0.2271226915649278,-0.099890466454297,0.0,-0.004808149101350592,0.27567436068495066,0.16828326903566526,-0.04812369230265285,-0.23386849664411888,0.0030830284280281926,0.29870216805947747,-0.19193882434088147,-0.2955823427078752,0.027504315329349948,-0.05129260209182564,0.16836752017314824,0.09997587628372141,-0.12945019403297583,-0.009776513578006263,0.047330728251093954,-0.23267655280666572,0.03835533375182594,0.4312878588783545,0.37795288753562534,-0.03578480446922603,0.08744913483689216,0.05338672923685768,0.23946059326075156,0.12985771635397472,0.01157686346975613,0.04525440941006854,-0.10011529571021965,-0.2874547069553382,0.3397447149406265,0.11987117088934797,-0.25733925812848935,0.08245477721772067,0.22137240604625963,-0.06271609113019043,0.06615153866580102,0.23879109569600068,-0.09820246131107821,-0.1698995935052139,0.03803196369597205,0.03334240166734883,0.11844169243789562,-0.08024957021889964,-0.012151283068680937,0.09265294679840586,0.3688767491701158,0.24255842078250414,-0.08826914994697765,-0.13874091253573523,0.3658345488828715,-0.3629728634006857,0.09379902654841246,-0.040609002467198,-0.037917222046654354,-0.17845774873885126,0.10979184610297334,0.31876052999377935,0.18373951115866763,0.19018708862530695,0.29009204356787166,-0.007182505591002118,-0.04411908220077903,-0.001308702087454867,0.2695007624985703,0.011327990709213451,-0.062007977678025995,0.18779787925948457,-0.14548692753150422,0.29340713760502496,0.3521210325890905,0.007107721455334512,0.06309507781795973,0.1510147930389515,0.1292465376754812,-0.2429535774017368,0.0013349574696693166,-0.3493551586049011,-0.10625860533316524,0.15514558655587524,0.12670927916686864,-0.2583803551000431,0.4432990851387968,-0.28780885925881255,0.199692846773797,0.05095607415120372,0.04167433393601982,0.28169970715090936,0.1571095729521195,0.24673050533688368,-0.0010863408885317428,-0.2328519294800841,-0.1891620639114926,0.2958270850817991,0.058748504413325554,-0.20590195951572807,-0.10917229353501617,0.09867821273465545,-0.16799457691750522,0.03158783951987813,0.06360191501685214,0.3387345174061832,-0.10331696876148375,0.1532485493002918,-0.06089782704130096,0.0806510061099666,3.930561716874329e-05,0.0760626848146097,0.01114031888087688,0.11345538585337225,0.1751632198668902,0.06477359743018905,-0.22386114857877498,0.28592942414376754,0.2665608048654646,-0.32052420276381316,0.3825379626620781,-0.06720577859363205,-0.17358993571635367,0.25029957857271395,-0.1403105258303344,-0.10108041596915521,-0.10560064614304944,0.1973868860020897,0.32668771283929343,0.2122422440317665,-0.04700166444486979,0.0667258537456888,-0.13887090950705427,0.041222369785509486,-0.2482122685230081,0.3056831974676583,-0.33963055901087963,-0.04416274383407814,0.4019640488835635,0.4102923519242049,-0.293278363593161,-0.027505643851967854,-0.10265337919376526,0.16625318834867553,0.07193462679386169,-0.015853728000977417,-0.04425251641811924,0.06698177562230698,-0.20029897362876894,-0.045552993679015115
