0.0,-0.032681364531749565,0.08116928240352915,0.19693453078032458,0.19714464118991942,0.10780721880372912,-0.029398621297924366,0.1336557873085783,-0.023019860617991248,-0.013608226023219459,-0.17838641477922315,0.0008358509075214414,0.12224239484461687,-0.18368996789525188,-0.008298656164039952,0.004415071977407414,-0.15886990288017133,0.06091415078664977,0.21481437807317091,-0.12435407358566691,0.211698937594029,0.0697065896909928,0.35010502956042533,0.035356612968601965,0.1407033537207358,0.1899832745036586,0.11531443743032539,-0.16358655319079393,0.11649443865789341,-0.01915162445321059,-0.0201312465608355,0.012046641252236241,-0.10118643343438513,0.19793774136991618,-0.09215820529116553,0.10715710810824194,-0.14946704811214864,0.0901518098073803,0.01634645372321696,0.10358255866094357,-0.054608488682771024,0.03131396134330484,0.07603173327877909,-0.16892269442536578,0.13394857866182155,-0.0870185922345543,0.13116763952728436,0.1350223497871219,-0.10667925620639515,-0.0005536668112903405,0.19034763200727395,0.21874674956059656,-0.08081005722820181,-0.044177364519617054,0.040739042807843615,-0.03497809193250019,-0.012334747478918025,0.007863710369493014,0.11382052122874972,0.161538007251248,0.2143804034609432,-0.08030764471588593,0.053177604326548854,-0.313021883423628,0.17699937429586793,0.2071976855193536,-0.09631266811649436,0.1027902561078891,-0.009907388142443407,0.054188651483359065,-0.02818810699007407,-0.06616376503267032,0.12664293359243628,0.04041577348475201,0.17576880034715164,0.1195061498460922,0.04964995234229132,0.26599137410171364,0.10900857588626874,0.042731065036651,0.04794862041343997,0.04803392197568101,0.009212518016838882,-0.021108739631295465,-0.06226787972145386,-0.058466124276080625,0.16571321784909446,0.00444307405497496,0.13943598702807602,0.1551850028130113,0.08218397377622523,0.16621380681025646,-0.0005510747944171598,-0.026488735570049386,0.11253026192451161,-0.01877722186390356,0.34602635815104765,0.09385754118529499,0.025740902345906688,0.01559765508332255,-0.10936271048249431,0.09766546715200015,0.039510639226110686,0.16837047826042673,0.2413548904470767,-0.07647194436009214,0.157358702564443,0.016433774017862304,0.08209445739167827,0.2315540205440768,0.13702208473275293,-0.16381111006513252,-0.12043268071756712,0.27165258769710376,-0.1742849246803707,0.20097704381715326,0.04563677007342246,0.2419612355481116,0.05768826909619935,-0.06304674272607969,0.11263759547811157,0.22280477906294627,0.32546652817391514,-0.05301801942563024,-0.030032305941659204,-0.16672571710979955,0.1408240345382302,0.04334112611635413,0.01810239520120939,-0.07929641631413013,0.15790571622133584,0.09120312894953181,0.0696669718735451,0.1556963434569794,-0.09873902879730004,0.055161957678851035,0.20793503689894166,0.21427741882902882,0.078123855925286,0.07142897324662464,0.07791444874082162,0.12201391843709809,-0.1030926114462206,0.22651064621875966,0.11244789757039965,0.1258244313373678,0.021842253367216843,0.05074441480376088,0.24367088575091378,0.10070488715250828,0.07367786513363249,0.15030913241449656,-0.00600616950359384,0.1642981776580335,-0.1893932573545242,-0.05160144725217438,0.24826080616738935
-0.032681364531749565,0.0,0.08736574048451244,-0.012451859364657963,0.13997690589229472,0.15103557776861798,0.17885821133288982,-0.08992978579651895,0.3815789545356816,0.14610760934986125,0.012491718548518126,0.2389205571413056,-0.15292807701572678,-0.01135868024015093,0.11141166063102505,0.04492841361103888,-0.0268976788063078,0.07447930015876794,0.10103365059424431,0.2134718702669596,0.005934984620368766,0.14079183432237083,0.11422090482046333,0.13276683380091517,0.16636769559463743,0.1685754789650204,0.25115631946951694,-0.06766160778657013,-0.04023207878975841,0.002921934102653627,0.15176785033496434,0.32540250294612133,0.12960847756929905,0.04994506457221791,0.20188349981933157,0.1329295113101798,-0.06174436330624215,0.006483268287897988,0.014201097278913371,0.07382057988290162,0.00283023773029822,0.3917964247907413,-0.04708920087720243,-0.09528185351125235,0.03809330966444189,0.3562523036262095,-0.05596512259729769,0.014139906100747817,0.17126430660959,0.19768471414631314,0.09629680209681996,0.07141991105958352,0.03637609007172911,0.15168693129707403,0.07058683431998565,0.17312390306006697,0.15087071169273344,0.22263826780242188,0.25771976182929146,0.05814376741485757,0.1397186529463684,0.3625378007072801,-0.01684424509993927,-0.06243868572398265,0.015262054137640904,0.04859557446333724,0.07755393519571863,-0.03246404910887065,0.2837733673595646,0.10497486884717261,-0.1609772157097448,0.3273124818430748,0.004160525497062663,0.08465320397141547,0.1354947104678861,0.3184584826205332,0.0438977092039961,0.0511702566745689,0.2011858868706788,0.09540188963436033,0.2543428581408901,0.16176166325364252,-0.026402627469022135,-0.05285326528040851,0.20077524123610083,0.1523708859575597,0.20888247173332344,0.060689993369900344,0.07870875294343294,-0.09641807761083958,-0.13771947720408007,0.023923016989119673,0.16952372660651052,0.2154051910526316,0.045734064421243954,-0.0524285321727957,-0.014446366080566929,0.1393454313244382,0.3442046917950906,0.040873079851472455,-0.04277857489746983,0.12366896824431961,-0.01479369739591496,0.12152269036980493,0.2295958940860889,0.21702506923281994,0.024381855563189003,-0.0038249410360262884,0.1043961327904688,-0.061644185602574494,0.17472858647758727,0.1298624553870598,0.1632062412725009,-0.05067162467845881,0.05804854187425499,-0.019786923004549307,0.16615209178010093,0.06375728551238533,0.317280925394038,0.1273889433026523,0.09532642523509176,0.0622556715028659,0.09740522886718511,0.10123526795447588,0.18689783657198428,0.04238505307181623,-0.017450810147787852,0.15127883394026573,0.2949924652894633,0.0889938638790563,0.28282097293423547,0.19113988659829126,0.15427447627930835,0.1721254768010241,0.30041122368643164,0.2878373302180481,0.09709723527392668,-0.018289405895053117,-0.028731931520471942,-0.06416068902139539,0.1501403057072799,-0.01830863469118669,0.24473991607048506,-0.07652121329490633,-0.025211215466490834,0.27559734553538684,0.2739089600215209,0.09056870955256134,0.10218327164749272,-0.024377306924888875,0.39901183323124434,0.18141060437254675,0.13490212108307612,0.025989887562998776,0.11372455437573206,0.0940877106024605,0.021273629652719592
0.08116928240352915,0.08736574048451244,0.0,0.17777811014341652,0.08025400360681843,-0.01036887509560857,-0.2000873606374183,0.04962301890736592,-0.0018820411446011098,-0.1728960691031169,-0.058783318380265376,-0.14176094428910405,-0.04014525408064195,-0.13263393087645878,-0.23252944522310712,0.37980183516121824,0.07277328725463868,-0.07046018361378054,0.12147986328768574,0.030467885522787067,0.2499598309938813,0.01436629496561849,0.10692801044667044,-0.27618688253220247,0.05159933221323164,-0.05152619331277714,0.10859863931840812,0.045986906475899626,0.2025677030646706,-0.0943980658159539,-0.2104914534644522,-0.06468644559427406,-0.05142202023347334,0.18146174469472282,0.08267577887611836,0.19020643810342963,0.019066153716477418,0.00614234575518487,-0.1435795997330112,0.15562803400650602,0.14087657410103419,-0.07546003699983247,0.31840387095476363,-0.11111874157636595,0.093041708367398,-0.09052167693678555,0.06412050373906618,0.09172470555759381,-0.22637875146309544,-0.15612858023218176,0.20589425507661674,0.1435579220693418,-0.0666617843873032,-0.09760964139109703,0.16390329864302822,0.023964530524188885,0.08176775731542048,-0.2349858798594905,0.23504844329782637,0.12067943281706278,0.2896230184535345,0.018968489742882472,0.1811713274899259,-0.027517368121978872,-0.0603066241296627,0.27773432207500426,0.1968010975817532,-0.10682347007292031,-0.0729415671017956,-0.15996331389579915,-0.12620828123607067,-0.06552148107461628,-0.1340315101001725,0.20128375773339985,0.34880613490683277,0.11657384543911271,0.16140008929453165,0.14775787823330533,0.12083333804532767,0.2545643976900609,-0.12320916717478937,0.0656256494223107,0.09236044798437576,-0.2899817663761348,0.13449580710418935,-0.22753485226453998,0.19398834336772497,0.1696180214713462,0.22247112878899816,0.16534081103648426,0.211066870145642,-0.006732178412143221,0.10357673998778917,-0.1897284154353697,0.016029397611548712,-0.12819443059017013,0.10096180895556985,-0.1813176525613888,-0.021912207069950743,-0.09698760655222567,-0.016677978196614946,0.038887104836294165,-0.004058911062006158,0.13277669331638095,0.0048389585636479816,0.11697957604164295,0.16875980884183805,-0.2442172313775498,0.07984792157313808,0.27532452409709357,0.34235523792191846,-0.09803031776401443,-0.16345216340342492,0.1250960471433082,-0.01616682960064941,0.043023567897163446,0.23866884115316048,0.26621966842386086,0.04593504501132884,-0.016426491686028562,0.2529935093034829,0.08303202101340212,0.08775485427420607,-0.2030658218207825,-0.18036793875619225,-0.1522387206366474,0.1638447356302427,-0.18829535095415373,0.071507174186381,-0.1118531411000699,-0.10080447060096251,0.03507430662894463,-0.012524893234204247,0.18230165855485167,-0.11612278877925872,0.14844500569261393,0.1900551400602311,0.21431142578723963,-0.14374343450515734,0.18231587126774232,-0.1383019440783193,-0.034032012693928776,-0.18655487940945784,0.17667637017838364,0.16212587581134624,-0.08198633026865013,-0.2220452690221446,0.06497820150580189,0.18465024167645644,0.22350757025836845,0.09930763214336592,0.08045446558963666,0.06179091831524546,0.0034826917215557127,-0.06565635581319688,0.2042583691713047,0.20053419043004672
0.19693453078032458,-0.012451859364657963,0.17777811014341652,0.0,0.07978603340614213,0.02911552402462028,-0.14276408688258843,0.03238109148651996,0.07569930505276132,-0.17616293125493054,-0.0858233162124136,-0.20087008645372303,0.05945009247945711,-0.25484031016263947,-0.074589264522854,0.09025535986838695,0.05492331439407336,0.006190960144036029,0.10242338472027478,-0.044415116428544905,0.29582339210934827,-0.12906421359962678,0.29952229584785345,-0.026837467426444054,0.12152070945174408,0.044141194826827906,0.15500094454747432,-0.04244538706420295,0.23451845751253492,0.027731479279971324,-0.1373586020748734,-0.1699729247416344,-0.04678911286292131,0.21231972058169796,0.10439634569188085,0.016281500641739693,0.13635997995221805,-0.02299178939038972,-0.018396200314705322,0.08747484500875567,0.12199042300380444,-0.04269139029908937,0.14182620154540335,-0.04621511990082159,0.19225842669506718,-0.08338719876617239,0.1867792961968389,0.19525259925172062,-0.24470804717787373,-0.09655049132230202,0.2936705836965605,0.30757414024205215,0.011814131863505418,-0.0996535975194169,0.030006506907900396,0.0508754642282962,0.1552202568496639,-0.18296642247629571,0.13526857992519406,0.1705462072584048,0.151154158023119,-0.14503675221058854,0.20107093949262173,-0.04455952499474816,0.0021669819824714307,0.2785557022690451,0.07473291858058373,-0.027815928333825922,-0.10839007281945855,-0.15274890218967446,-0.031318820182526054,-0.14185473621228326,0.12173689322418094,0.10750493069967225,0.3208727797182844,0.06369007093478585,0.002416208553890828,0.29087081853969005,0.08756022374386249,0.19404593261160585,-0.13629172160186626,0.15205885463221577,0.15321458106124766,-0.15439327387808052,0.030050440893577775,-0.1473726126102266,0.12328984956422835,0.2529263279850954,0.16316798353208525,0.35908375013914057,0.20791128637299142,0.13963869331714307,-0.023095406215208454,-0.21171310948803287,0.030275222700893962,-0.05022386892499491,0.2686102698476957,-0.08740142133218971,-0.013795756526646935,-0.09837157602983677,0.1155884163296391,-0.06398630366104135,0.20185227429373806,0.25592602583937585,0.011656021907193788,0.15311842454727576,0.18260907658166264,-0.07435646453302411,0.09974231595165324,0.27029854295416506,0.08014948564919874,-0.11934579963734893,-0.16526713623517664,0.08820764094961468,-0.09011937919043198,0.1845271687679305,0.1985082158897397,0.26479308142154123,0.057437702547182126,-0.05590164610528475,0.2904336425946132,0.11505429229273038,0.10666276291964812,-0.13264922916219352,-0.1790851369967324,-0.22376559017041447,0.24260957846093226,-0.16632668587385524,0.006791497951053014,-0.14611542864862223,0.05776756891031128,0.14795840244384692,-0.06482653153357358,0.29067673946689293,-0.10937889894343548,0.004400708000019995,0.24387606118323646,0.21838055513607535,0.11266981783362072,0.09782782399268983,-0.06709562881704605,0.09672543824353128,-0.19656435564529512,0.2894646347730277,0.2567085990432518,-0.02006207780706972,-0.14863368395451831,0.042887149318822676,0.23923251120078454,0.03081236729811152,0.04075869143088296,0.1290765486732349,0.06997951675827485,0.10510481674614522,-0.14477216938744197,-0.05138348887793293,0.4348131629313637
0.19714464118991942,0.13997690589229472,0.08025400360681843,0.07978603340614213,0.0,0.2205541316720976,-0.10097701079013781,0.14203714982340696,0.03954160551701415,-0.0966146563718243,-0.24307404201927518,-0.10093075989809092,-0.13530564406755413,-0.2536456482452494,0.00960123605217005,0.12020889980736997,-0.1832448764970149,0.2332036007491457,0.4289876754639421,-0.21805752234419717,0.11474436472861112,-0.05767812451834278,0.1462162854711396,0.08934720086770924,0.3059133267337845,0.1179689424405368,0.22942749585592984,-0.3099708728336821,0.13142983182900014,0.24436117224220844,-0.14991681062341064,-0.017694017521739838,0.04888711135555518,0.08714743792075967,0.1214445495906877,0.1345451832135785,0.11893384370626732,0.14725799951499588,-0.10677667341773313,0.312832449064532,-0.023229506410193165,0.09992155523334913,0.09679792181808371,-0.2258984202144848,0.17753406022006665,-0.05390560064242512,0.06896967831010861,-0.14300235189896623,-0.06698220718148012,0.12780856675621236,0.19255777313767083,0.1658965875413599,-0.10037445537104507,-0.019104699283947594,0.17837529924033613,-0.10746469181270914,0.256398476693423,-0.006619944868752957,0.22970528889207784,0.1294190102439251,0.15628708366973204,-0.0777027387370642,0.1050857273639877,-0.17842003563074038,0.04435142269751142,0.05222968414975878,-0.011092932959129992,0.08758420684090333,0.2617266636291298,-0.11388970685530427,-0.06759148713206281,-0.08835212468198811,0.2373172668452406,0.17520096794117873,0.1383547369254982,0.09201616198534705,0.02212868598922902,0.1789108851509398,0.3919396442521667,0.12629729968383097,-0.009137141733481124,-0.06750488409590169,-0.019755969492130373,0.08530309139854576,-0.10227353023391691,-0.03922741692652441,0.26064998020158947,-0.06344734293053739,0.08913525198708466,0.17667825236937712,0.11107352477341416,0.23901086839868532,-0.015671139319278236,-0.10848502798741516,0.10294347656479622,0.11738239445958189,0.0966889118365165,0.0020976450887701587,0.3276701801011808,0.13737874739606645,-0.12363302197060279,-0.08618984273292526,0.1494240677980937,0.14764418366814736,0.31698332567889664,0.11734222331464272,0.29796904367532606,0.06884024164742707,0.03732807126173032,0.15009169238177464,0.10752661371825938,0.09037071891545949,-0.15569011353355633,0.19797660601583067,-0.3132245745619353,0.06505178579373316,0.18742981280354498,0.26813811610174076,0.09971219496024049,-0.22233568545628757,0.2458686955906615,-0.02431094538839463,0.06436340696455252,-0.016334346045337636,-0.07811424840946415,-0.264475534661524,0.014862323161274067,-0.13006515844073693,0.24129663140137,-0.16838490171133885,0.2349028448785656,0.18594858449658963,-0.03087603135061865,0.24521893326196745,0.12658736424567316,0.11758721854870344,0.10584335550255566,0.12873017452762703,0.19333092269981508,0.110911534518029,0.007057844422111989,0.05853104303055232,-0.12943391484293426,0.14854776996946434,0.17311772222040345,0.21665453107259044,-0.016662118443082363,0.12022549365194393,0.28283136936595155,0.03860852697950813,0.24197933107088818,0.3272947664316186,-0.01915551522201216,-0.007614013741312046,-0.2438920373962027,0.0019470911406123247,0.06910962027426117
0.10780721880372912,0.15103557776861798,-0.01036887509560857,0.02911552402462028,0.2205541316720976,0.0,0.13576645315412525,0.156423293491098,-0.027250122412088996,0.07375670222661682,-0.09466835757088764,0.11325243813724623,-0.08635192074407343,-0.11475124695674693,0.24388500107839667,-0.0031806026968214294,-0.04801720639439149,0.22459292973421818,0.213878130009869,-0.05088723059455815,0.14431922558895727,0.2251804627761822,0.195127185277221,0.1828165637382481,0.43751170492648916,0.23383106738313522,0.33671532751951155,-0.14352441188266804,0.020565091024863754,0.003121316945196233,0.04824305341263401,0.08815457340391668,0.25931961455237656,-0.027528689119274512,0.006343105591502441,0.2782775465884206,0.01508236169204315,0.0825590253651118,0.11728084126650894,-0.04805512814844681,0.13276429522444347,0.06830370885247322,-0.023617189729270772,0.0011423418844626102,-0.008384155182362199,0.01717960760413307,0.11169982247774701,-0.053253463253616504,0.06405259585499443,0.26730098338388936,0.14689198647966903,0.11169961604002462,-0.16659323207080406,0.22231653834069792,-0.09753765807445336,0.06816643880320829,0.18976633367108645,0.11384830253749635,0.3201955024665688,0.23998167865119188,0.2655277204754991,0.025700381455762873,0.1816102039394215,-0.1021494790409987,0.1651601936938562,-0.046855100028608904,-0.2189796928116722,0.11381700961682753,0.17735219197193602,0.07738137017407973,0.029770984985654662,-0.03177884138287303,0.24475404895226413,0.17481946987100588,0.07024243149552806,-0.03226979730605028,0.011843519920845782,0.12869239464361917,0.2564607586545612,0.06909089020767879,0.22012447659053166,-0.05458197281451962,-0.13400469837069595,0.11502328911378781,0.07156416862439964,0.07476345160284809,0.2860499490457632,0.1458507554808486,0.18913510578273207,0.13691245629006094,0.04953001382979808,0.28425217106557193,0.1393477969080713,0.04691362703849222,0.3743234867625201,-0.026047673331726584,0.112433344649689,0.21237846656366025,0.16717645221884828,-0.002935655260600255,-0.0706203015740519,-0.023437313405381133,0.11795191170303213,0.16416133185302542,0.32534090285248224,0.03701519190219971,0.07158089340806117,0.18771454587644276,0.2909199509309224,-0.05430091306534017,0.1926721385556835,-0.03893961689707806,-0.07244133404981845,0.21546223004345022,-0.1989051750843035,0.03764540208869339,0.10211744655364419,0.16093018368866227,0.165118150801725,-0.015500335023913995,0.12243389152080619,0.13356585255455597,0.03271284738054229,0.1249586937631091,0.11528944120677416,-0.023250399677234006,0.007693730492382452,0.13892154192314415,0.27296370933782055,0.08935925121564589,0.12086529171602278,0.24592601531540373,0.1099277559193166,0.15473552912036195,0.11713045865841601,0.26674159001181236,0.11595898862832026,0.032560737384330685,0.17835880591219772,0.03962919451404489,0.25013640553186917,0.1552221092322773,0.0024892460116570925,0.15954368448460324,0.15336964687942006,0.27255108916580933,0.13068704476230933,0.013711301795788652,0.13071573168480569,-0.1516285760557577,0.1514554022124312,0.4192379865381265,0.06178672046753811,0.04625702657613595,-0.040476390956173856,-0.10689259671908495,0.03289505380664331
-0.029398621297924366,0.17885821133288982,-0.2000873606374183,-0.14276408688258843,-0.10097701079013781,0.13576645315412525,0.0,0.032141904646780795,0.1862572118317934,0.38641691791380556,0.23712635598577603,0.4415297614481718,-0.054084883485594176,0.28149691296661256,0.3055138738159446,-0.13965364918453396,0.0359293180567611,-0.04262301740114494,-0.04893261754086113,0.14146415665437348,-0.19940445063977216,0.3470026517567239,0.010539935725916574,0.18938377596166472,0.032564909532427966,0.10040765295280653,0.040787720254978344,0.07088612899379886,-0.2563005121346251,-0.18673335379303588,0.45462820992288444,0.3637154370615907,0.2438552917267115,-0.17221434062086252,-0.01575817560884006,0.08891646860881451,-0.1063581460542758,-0.043230905833933006,0.2876985538124975,-0.184610214939945,0.060716553020828845,0.27171579110775806,-0.17524986913957993,0.22167882866403457,-0.0930948044303764,0.31492031754382804,-0.15146828683481361,0.03377453484751898,0.3490609118138896,0.10969497252458173,-0.186498223934976,-0.13353896807898172,0.14847814043556679,0.26878619235008483,-0.10418254613806623,0.16609065216020508,-0.25823126631732446,0.4095242792336896,-0.03891213756899619,-0.001530033905737231,0.03280056538486128,0.30499549108097807,-0.11661987106270862,0.029522780598332684,0.11581724167001926,-0.14766144304322446,-0.14957169627488553,0.06128036466961274,0.17531636402728487,0.4237100170786558,0.20259890021849553,0.325554844266705,0.0002151846070967172,-0.20668798140743624,-0.1299207759685747,0.008658656134464938,-0.06563519661233502,-0.1638467300579106,-0.1587675510323379,-0.09633911544327953,0.40426473979623023,0.1505822437496855,-0.16206904310085926,0.06039637949313143,0.09303833529230111,0.4111926207115342,-0.04567028740214208,-0.07270615995997816,0.009212758224121646,-0.18755840127935633,-0.312840782733271,0.012780838435717553,0.07319859763334949,0.4517752306110011,0.07545568914106916,-0.005057608152895443,-0.07380489444281324,0.24188587715889462,0.01435259373239915,0.06605869985586782,0.17091573231298154,0.2447043396485403,-0.17851525602068974,-0.04702182680289528,0.15555186345546784,-0.11950615595979842,-0.20880387776208612,0.07691820106419091,0.20470271234523493,-0.26108906389554537,0.043141552298192894,0.138466944725192,0.3928022135763597,-0.12369535184477473,0.17787064105339354,0.03917432871351668,-0.14428962300805323,-0.18448573208932365,0.06261597959349559,0.2249872875013822,-0.22788779580228277,0.05529236020248244,0.13042050860237486,0.2343104126121711,0.3255269095532468,0.37575239680814887,-0.1765379959754161,0.45683935714359786,-0.03335312354871797,0.36055016968335546,0.1071428620830411,-0.07311591227828998,0.2907902873957124,-0.08838875518049177,0.1899874558692469,0.17516187177651796,-0.14047221792220366,-0.14179702726364743,-0.10331822873277892,-0.12527255338699841,0.4451021366386945,0.019185741597317264,0.3179205699000635,-0.21216698843036105,-0.17769495336436156,0.2569088772906666,0.4569877395992529,-0.1057824889649791,-0.1310003252086157,-0.23713572721643894,0.06446161819367545,0.01915792820303987,0.14339146796907093,-0.032799695540741816,0.23506401903090302,-0.12990245805814632,-0.11659038800580052
0.1336557873085783,-0.08992978579651895,0.04962301890736592,0.03238109148651996,0.14203714982340696,0.156423293491098,0.032141904646780795,0.0,-0.18607583668989847,-0.06528460736164887,0.07879432316811595,-0.05191130862060665,0.10250438140601344,-0.036001645779661445,0.18653086924159368,0.07527741562986083,0.1474173265076205,0.10729396646164246,0.15181804470672042,-0.1407685318070471,0.09766823490868017,0.11007694639048686,0.042400350067472045,0.04924611005978253,0.15919957625209535,0.008264408521404816,0.03488290948726784,0.0232731689928313,0.11485074304312999,-0.0010192137862004098,0.0013861076250349458,-0.056929717890933304,0.23220124636140885,-0.07315363187446279,-0.07276827365692223,0.06691271718604519,0.035481829888629864,0.21258173673761865,0.19909654342950445,0.04028516682845949,0.23538661083027163,-0.18345221041019846,0.10747508954874095,0.18114406318449683,-0.10640491997926049,-0.09762032972049496,0.20548141428593308,-0.030977477838373332,-0.029755957012071708,0.06368835692584886,0.01711802481262362,0.0014829651193000875,0.06514491029234436,0.11944110599407273,0.06052601090108548,0.0010174493081622884,-0.02603120558575302,-0.0002863713053427452,0.08866237659700461,0.31040207182708934,0.10400769781189631,-0.20343592655981907,0.15526122427691338,0.0670805271706449,0.13418514940748416,-0.017365642060635865,-0.07051138713145863,0.3255006590719208,0.052779346985682096,0.007336344633840759,0.1646477362927761,-0.1180134031268569,0.21327472732941755,0.14718075750399073,-0.020004140029441304,-0.13937208787476446,0.0672659891807431,0.03283835828413544,0.06409017876514898,0.1613926569707953,0.037640092669441995,-0.02842779416248581,-0.14368797966494845,0.09146541783958445,-0.09084491044424126,0.04383948197732781,0.18275684999055009,-0.003154927825023049,0.19594819308928368,0.20288633662353983,0.1289055102467918,0.3539187110527638,0.028990994848988854,-0.023101158198542533,0.16343337701931096,-0.01945852692908272,0.034761185393580855,0.03475130596433631,-0.023398699193258144,0.1021333863494885,0.0993958946631114,-0.12710957271650689,-0.03141825490386699,0.10181462241173725,0.11198276223597879,0.05159173116340667,0.16605751754196343,0.10920284719290556,0.17296179117731136,0.05673601883913927,0.01560431393576353,0.0075508363298190315,0.04922987859290018,0.19295711205150465,-0.049590022047940496,0.2940046321925696,-0.06352037095582168,0.22870732049360798,-0.04244497730164687,-0.11049226918965781,0.02452609456826367,-0.009661637456756161,0.09723324564073935,0.0392380873779522,-0.08423504628048971,0.030756286211324417,0.10861317510671198,0.00776382892493605,0.05146216586243209,0.04770569837119883,-0.09954840109176906,0.08224312926250384,0.10927235991878001,0.08806530941284918,-0.021460261991782404,-0.02960565393280527,-0.09270001896169028,0.09640642860212789,0.03688460727322687,0.2006075122112831,0.1713043145827295,0.22570067162062954,-0.1903171330129648,0.18228845123737752,0.09554666542248978,0.12264887360531844,0.026936953390012345,0.006022746654386408,0.08989069700991335,-0.08803129675045057,-0.11575764541235145,0.1431168733699482,0.03297801197450578,0.1089298765063735,-0.11176457144737939,-0.19653229769682176,0.10087332491974087
-0.023019860617991248,0.3815789545356816,-0.0018820411446011098,0.07569930505276132,0.03954160551701415,-0.027250122412088996,0.1862572118317934,-0.18607583668989847,0.0,0.22484294038143446,0.14319172451989715,0.2212575869825518,-0.030081997501524276,0.10926532205487118,0.10742232022924655,-0.038013377264792536,0.07503300631352403,-0.07205802138461129,-0.010475970727732117,0.31319085615351866,-0.07351103823860354,0.055603220672645996,0.09223814035148446,0.16109690766828708,-0.015000064918115664,0.10229207902159138,0.09284775379388877,0.07737113695378842,-0.0019217987682885569,0.045907309486595986,0.23628927155590707,0.2803833209453988,0.05337299895081497,0.06629813433517064,0.15964322908854117,-0.06566587626320272,0.027191822789805337,-0.08218796690655374,0.06257979378388512,0.09322641351840846,0.026106415068038128,0.4254246019015659,-0.1808717151857308,0.02400460696466486,0.18320406541361073,0.4030774452969977,-0.15512448913410465,0.1426034502534269,0.22094408004386795,0.08222034131649537,0.07951418838151166,0.03918645618979826,0.05861041553325201,0.06575832882740013,0.12992074213832344,0.27612114923221254,0.04698526515688667,0.22677026410514697,0.07249004169940186,-0.01102706999037608,0.015826154118350342,0.3672619449104873,-0.03901988318304499,0.0018955407034790964,0.0009422283412860613,0.09989078063613113,0.15582172898815538,-0.09665668834242871,0.1675570655993034,0.16262087068056033,-0.02763536641883275,0.392100226353302,-0.06219159887234619,-0.023546799087947042,0.13824820548991976,0.34714478322833825,0.014662669505414705,0.009879396792460747,0.02678396567012163,0.05777494089733532,0.20293175028897312,0.27224126475739835,0.05682486009165904,-0.08059853058606371,0.2637412521784562,0.24370539824275236,0.0624777764591458,0.09012572693834284,0.025603748617530286,-0.10557613223095416,-0.1204960904194614,0.005900747504410566,0.1342792110839694,0.25248646057012225,-0.10826675495710213,-0.08805964445544244,0.0010329128148925664,0.09188075955530647,0.24601949187562555,0.09481846900989528,0.1431688341960121,0.21577474670177807,0.03147145705511793,0.13577393438580676,0.10470828855104297,0.23661238445977467,-0.019972231026848072,-0.01218328275775069,0.030940520097610117,-0.018466760581446813,-0.00041965058098215587,0.11429132867472004,0.2471543231784214,-0.1760031080184004,0.22513608059633575,0.04739281878847542,0.15779453964416346,0.005142965273501417,0.21773150151009193,0.2373193866805361,0.09569876479195892,0.004361741273783903,0.06415868751430917,0.13457536036892023,0.20618542152334496,0.11821123799725537,0.0443845322796254,0.1427348595851092,0.16535518427306467,0.15397843047098106,0.31243920950827636,0.09638098436980178,0.18609321520692393,0.15453783414779565,0.3167787811264947,0.0903145432817231,0.08236959690047299,0.05305972204651938,0.011744971420118227,-0.09875786440585733,0.11771707417195922,-0.03543259688015135,0.3034907801999331,-0.11621642711391074,-0.025466907961868856,0.14290763826848238,0.27192089966626176,0.02794203364772812,0.14769604258408178,-0.09655492886883486,0.3188117258231737,0.016816119709627285,0.0983066240585952,-0.004323273074116826,0.18507583225884233,0.05064790137089315,0.07798498927580133
-0.013608226023219459,0.14610760934986125,-0.1728960691031169,-0.17616293125493054,-0.0966146563718243,0.07375670222661682,0.38641691791380556,-0.06528460736164887,0.22484294038143446,0.0,0.24494093552183552,0.41557734398851676,0.06727695000842351,0.36905775838995,0.22181824591615457,-0.20765244464792412,0.09822565968829997,-0.16042068033097842,-0.07178464291336996,0.2662790307843381,-0.28683156604016696,0.2681892319565684,-0.027953568880832363,0.1817988063820321,-0.06962404565899771,0.12528814274229408,-0.04918023275164821,0.16975187497426664,-0.2243638078651553,-0.13109454939154053,0.4453836427139967,0.31821275139126887,0.20084091353714023,-0.12831807888807376,-0.08815002888279262,0.03100745334969505,-0.12470050205535553,-0.10027061338301431,0.2543192357869358,-0.18149849688070227,0.06286649764629985,0.28809428391997965,-0.26738419914957806,0.2184138957771201,-0.0184426104830459,0.33926559750586155,-0.29970677668805157,0.07916843918311159,0.40590616234279087,0.10866791763141401,-0.18330836362323727,-0.16601409986987323,-0.022137100620380507,0.15290261399683924,-0.08960211370953194,0.21742825832137466,-0.25874771696851895,0.3977697748103384,-0.07090082062181637,-0.05184254871843826,0.031605505475864305,0.3501967652008575,-0.11849914632291464,0.011445731221971817,0.07294465045440623,-0.16603302775524909,-0.1448807292032757,-0.04463647583401534,0.07813286932935064,0.40570197247572687,0.17151284561605112,0.3519180221525426,-0.10849840992384122,-0.2196798687125468,-0.13329609227450456,0.01303093541409059,-0.041113461453431824,-0.1853040412997296,-0.19167288553131187,-0.17774187678948514,0.3875148063025399,0.17854418219954732,-0.09938281988218482,0.04701140864299829,0.16827549472349,0.4059559827472299,-0.1141328059744993,-0.08610412955387398,-0.04439124132977386,-0.22389711593063885,-0.22565934946829916,-0.009596912608403528,0.20429492393578455,0.4492381540940346,-0.004856715770180625,-0.04734215567875726,-0.07336978152425844,0.2626986105335419,-0.0019574369184801217,0.06717907748077781,0.11233721379071603,0.3144932044456465,-0.14369269725193354,-0.013846519716495368,0.13508950065582925,-0.09119302000138883,-0.2542098398978956,0.07167279749298852,0.08697953758138513,-0.24337887815357812,-0.0044641111489661265,-0.007087023389655918,0.3505611827795555,-0.14233136245498224,0.282969156651273,-0.007931100363529084,-0.08483100359924603,-0.22633843541771878,0.04630198419389124,0.3099945453965286,-0.19102989505224427,0.020861885950192095,0.047203568298237776,0.24084527556866525,0.4202272910317713,0.3745173395541673,-0.16073647677866984,0.3949436233470029,0.06166158986102808,0.40721321103481234,0.10149372335173217,-0.0649336899245989,0.2826384334737133,-0.1202089261563536,0.20307819909953823,0.12671422352712558,-0.10376764542971824,-0.09610448570987926,-0.08078073728948482,-0.18020336416976837,0.31630811543073845,-0.054275219109216406,0.4162654117176875,-0.25253921950196273,-0.18086755956279815,0.15080736379059956,0.3815811335613851,-0.15059721662575784,-0.11398662224924189,-0.2399095425261626,0.06858840381924607,-0.03776096074901718,0.037888884579654676,-0.0076358537605499465,0.3422337328243583,-0.13686910141617806,-0.18223902553309562
-0.17838641477922315,0.012491718548518126,-0.058783318380265376,-0.0858233162124136,-0.24307404201927518,-0.09466835757088764,0.23712635598577603,0.07879432316811595,0.14319172451989715,0.24494093552183552,0.0,0.16275878449814485,0.13292117920636495,0.35561212613138476,0.2003044167947017,-0.054399742915334934,0.3929059964089473,-0.14026670746366401,-0.2882826181148539,0.3087780446692468,-0.1814889771640915,0.1382255396400544,-0.07133140960044074,0.0865669007983586,-0.18267883473481564,-0.0230187589287985,-0.11325875633997992,0.3886317590093224,0.030948482823106475,-0.14153232058669876,0.294695076442278,0.08939116439459492,0.14128741008045667,-0.09365617449050667,-0.09173256538742623,-0.21026895573936788,0.013694608016367227,-0.06811567423406395,0.3082697415656677,-0.11631600741677105,0.3317032732493109,0.07204608371852216,-0.19626111298503204,0.42115796587940196,0.013128010510666102,0.25788966938701147,-0.0921975328227322,0.14904938386578964,0.26116131895659056,-0.009505892539501416,-0.12254759317476344,-0.19998083073711592,0.14574745798068248,0.15170165092337007,-0.014849352802986202,0.36165971421363236,-0.21377583839137929,0.13792599378501263,-0.15797791662641616,0.08509473432272574,-0.07081101346433752,0.16421445656902275,0.08571195611825771,0.26532234744139505,0.07893825787030626,-0.04170330399918819,0.07678021953602036,0.07178595539933717,-0.07344054503813763,0.19688838456587648,0.26379533882949163,0.2739005417889294,-0.10571415934773296,-0.051565365245432614,-0.0908601367718616,-0.002304788979029704,0.07287570748527257,-0.15536132912053166,-0.3068063547801907,0.010379437337193749,0.1466178323181718,0.11763740387479649,-0.030781567984664197,-0.0045008485475210155,0.2534788738155064,0.3049487691461017,-0.05440667359684301,0.05126383291843065,0.155494029114077,-0.0751119688415362,-0.06581410117660118,0.07623722181126587,0.22490655830113018,0.23392732529488147,0.0006512992237567344,-0.09557365460337479,-0.1038622562187366,0.07354021860357848,-0.18786486866657454,0.156828942467752,0.289496118500967,0.2151615703510532,-0.10113891180131176,0.02379410527544635,-0.17053489812049707,0.10628547692907891,-0.08625450877257909,0.08603193766447587,0.1268761839217089,-0.1409132255456103,-0.1045577870377223,0.07435420798338131,0.35838592017957155,-0.12028697863068274,0.41223361768700006,0.12085401396181908,-0.02751823640103774,-0.150836177974937,-0.13835863403478363,0.30585425611557226,-0.11242626718860316,-0.03425642548356554,-0.08815232402902216,0.24234085759783558,0.17287164745029396,0.37908862194111465,0.05090215847825978,0.13920246994369878,-0.0250492868189532,0.3633722297249704,-0.11900288689518602,-0.04893564386477962,0.25965872887817765,-0.07193548497298771,0.17345755023128026,-0.13915054527258508,-0.1247631389167589,0.00619442100747004,-0.1427420696391196,-0.07365223135704027,0.19723036853819167,0.12618235762668611,0.15954680210449826,-0.07615569235735914,-0.1028303803100266,-0.08146448613858275,0.20847406789736198,-0.009213382546633876,-0.09164793272394882,-0.22552068264894884,-0.09177179696534361,-0.17532926192745274,0.07740817433575427,0.024395015832192703,0.30803755785932707,-0.08090270384931615,-0.08659174755335619
0.0008358509075214414,0.2389205571413056,-0.14176094428910405,-0.20087008645372303,-0.10093075989809092,0.11325243813724623,0.4415297614481718,-0.05191130862060665,0.2212575869825518,0.41557734398851676,0.16275878449814485,0.0,-0.03556654770415569,0.31074492275409576,0.259672686095204,-0.12833593743956848,-0.011364551775878782,-0.07332368927788363,-0.04294036181591314,0.19667759433465906,-0.18660075529140616,0.3445408230273826,0.0035781051495324093,0.15127059444610372,0.007242386406567979,0.12706005957442643,0.07076473527973691,0.08373297662555244,-0.3002672547258547,-0.15555427817136808,0.42724474153703373,0.408281152488841,0.17958504323041083,-0.11778233907397656,-0.044853409063482653,0.13883299385559864,-0.19313130801057865,-0.022427148248898254,0.23525273956775777,-0.18909122922218355,-0.03282868656802517,0.31465209838071223,-0.17372932900046292,0.12187802295217542,-0.10926034193919343,0.3308767588061743,-0.22970743782374278,0.04159799294705528,0.3805676939487106,0.1146092463384055,-0.17046227931355423,-0.0964745459209602,0.04620168762844996,0.27488123979836465,-0.10480263934629176,0.1711773839449165,-0.2641142660343876,0.3990108161607804,-0.002891668851258096,-0.06884199310714449,0.09995462877832771,0.38760726215627594,-0.1875471109479795,-0.007440744823883562,0.11337071137237126,-0.09621111575570031,-0.13911510440222372,-0.0033439963262840836,0.1406832405700474,0.41349938656781093,0.08705686467405681,0.365757467611227,-0.07303131244209407,-0.2062781817656006,-0.09671071351939585,0.08226944013186717,-0.025735335303656296,-0.16276463039111538,-0.12551499730065743,-0.10872193781681518,0.40312941595794644,0.19519153498508945,-0.11822184513694842,0.04409080633458869,0.13489972205450473,0.37270743987279703,-0.033756138000820314,-0.061407665057250094,-0.0224032686341825,-0.2736252008991263,-0.29541885875226587,-0.07410086091623225,0.1216516189442134,0.45976528208252354,0.06326344485190116,-0.030749343784679944,-0.06314687365214006,0.25830217882134543,0.03746300117825326,0.045429305661888436,0.05201725798718871,0.3083632784512505,-0.18847582742252095,-0.058503718709907414,0.17857220883684605,-0.12300382302874444,-0.2719561629731956,0.05471696004702696,0.11959109160431095,-0.2332527338542793,0.12160946694969553,0.04051658843352788,0.3304026838712713,-0.09519691815846636,0.20143754485881338,-0.026716337202313884,-0.11331175114688351,-0.15865543910002358,0.11963530811540987,0.28146417791172607,-0.20100742973949023,0.0861408774162592,0.1557894583729464,0.2198643944485188,0.3886069724904819,0.34734797443755666,-0.12076659007133539,0.4540264768153266,0.014929952634019875,0.3179662876581944,0.11663099517497982,-0.06144613187944207,0.29733911676340996,-0.1045575299981786,0.18659251666428733,0.22379648104155225,-0.07176662878621798,-0.12014549749178434,-0.07085173565751537,-0.09386418419733734,0.35222008201729416,-0.033939084571788035,0.37959801838304097,-0.24578427504242334,-0.21016269860021541,0.20097856883193682,0.42333735274535533,-0.1257888299364427,-0.10608908263515444,-0.21061264877235014,0.10365640989438786,-0.005104922585355856,0.059600436231757294,-0.0023413411681184686,0.2786461984808304,-0.09377560556905386,-0.1719490311409285
