0.0,0.14783303342009171,0.08763169784349814,-0.09214260899307476,-0.004138188532495825,-0.07692051632719278,0.18019929639570306,-0.11613050499701157,0.21504700701337306,0.2119638288146659,0.13980344931482044,0.21947458924929752,0.34357114549642387,0.3025029487185952,-0.00025567561143972336,0.07637618243545248,0.00779238642304005,0.18252761427069047,0.008659228508200834,0.23867601078986983,-0.19196576518483915,0.28210565602801313,0.35346187104509735,0.15241003475119355,-0.11210383074837728,0.4019906271424402,-0.08132817622149087,0.27917723787795906,-0.0663735727056317,0.16998139670960274,0.241827862424714,0.2911202954994408,-0.03551059150362523,0.24374784532504234,0.08029361484379131,-0.03825924478500808,0.00039104801529488327,0.21332417199879133,0.008253217698361525,0.06360078290538253,-0.06181711999795963,0.16442976373005377,0.02016661689195007,0.0649287831685263,0.1880447347252158,0.18194574146026232,0.20152501764878547,0.3351583118852768,0.22170241781942437,0.13695842501701222,-0.09624005293497043,-0.05025879162293243,0.05801081742021243,0.1128495555074271,0.10874952954819345,0.24292611520938784,0.00173816332716002,0.2060189451792181,0.012734976943676679,-0.10172466195521149,0.01232421419017727,0.2754625931767493,-0.16892782140379434,0.1162029974771966,0.301035962537212,0.01781799188682841,0.13990016638642647,-0.08871764154152817,0.08569466412151028,0.18345345529466026,0.14088684008854338,0.264994497855028,-0.12136130995764384,0.3200886221289782,-0.007935222601215023,0.3039596579353172,0.32016522210147946,0.28115601958485276,-0.04550235099436019,0.06142055170909555,0.24850180594327162,0.22549818306123348,0.29695171806407045,0.1902067260619377,0.37342407884034434,0.04460732402163237,-0.1785192352302182,0.07331458539191726,-0.11065573426077858,-0.10240465472980288,0.18381631805263896,0.020318009428506895,0.1675498618458042,0.21073151615198055,-0.12146460971273502,0.16773192510159923,0.27667855628157156,0.33451505021772493,0.04639891369858699,0.15342541803903353,-0.02832198538998104,0.3642414211722453,-0.10749346901240588,0.10838182510987705,0.20865118925745307,0.11836747452627762,0.02716011011088935,0.280487978659033,0.11992184453727181,-0.0628924713649271,-0.03893335086294873,0.09429597946576278,0.261991270389046,0.28283358655442237,0.23948070056361126,0.1292980874677333,0.03969265522715452,-0.08982125664676197,0.04599341723529475,0.2447722266238134,-0.004451191916372612,0.3431609667813622,0.3585535844973873,0.09728097959486866,0.3055154262494301,0.2862566360913614,0.08742363540803538,0.21081069711218253,0.05772464538585881,0.08911140969918246,0.17725179349801676,0.26146724153674,-0.04375486845589221,0.1596001992280534,0.1628650129485634,0.017622262256763624,0.36391966838973516,0.2527029407825038,-0.00010493924161287708,0.018587390055484442,0.062445571750422174,0.11878180948141787,0.1897744959887864,-0.13542384977971667,-0.13558740475929065,0.17944888485745328,0.1824089452309399,0.130537105810001,0.29510470868391864,0.11745485128467897,0.10579261165162325,-0.05920500010583869,0.05212034121713604,0.30193354513230375,0.22415214098996739,0.08859415687582022,-0.03853708278404219
0.14783303342009171,0.0,0.24386147980018133,0.16008043225537347,0.226654701514608,0.20404970390600083,0.17849997116598657,-0.03449735341308771,0.40683935061147625,0.12304234043857154,-0.030227067483965427,0.2861813366067422,-0.0022874193294037293,-0.02941666585344402,0.034312801348775845,0.22159110541757693,0.09190257694010073,0.33408371113307644,0.2556946309257289,0.1767746526570386,0.11494661438729241,0.22278988294750124,0.17229888185042538,0.14995737388598457,0.21346952727104682,0.04821109703649501,0.3391243833058631,0.0008829160705711886,0.2621380397531835,0.2691488852403445,0.11001461846909129,0.34991823640788217,0.1813642602383637,0.2756300237144383,0.13651992436484642,0.15313150025188157,0.12587006813687923,0.14399593996551646,-0.07479258033129534,0.2875229249739062,0.09258412609667109,0.3734627518845709,0.2672129689971986,0.076470155821921,0.2013129387697574,0.40313835756969507,0.19071657221079008,0.0681592564555498,-0.07849912361953272,0.23489898884763244,0.2511418723892384,0.1932116997275728,0.16274305147182375,0.2866682315677722,0.15840849261032514,0.1391217856439274,0.34321206597143583,0.25646554280809297,0.2509812501059757,0.04003307823177307,0.06803233925128208,0.36552347957636555,0.17503316457716322,0.11204974186182183,0.05917855979622848,0.1812515429264091,0.31215245336306324,0.08006598588285545,0.42262463101477915,-0.13973863732116046,0.07569700244470627,0.15361178304462045,-0.05862432851735695,0.31540567200859443,0.19397363095525794,0.34101921281743997,0.13130174845424772,0.11428794540144369,0.2863921577966065,0.19781692292284472,0.20834382296507206,0.3951962445343808,0.22269116467351208,0.25079904069520315,0.1222370095482916,0.05646980980194973,0.09780211568425005,0.3189788956223256,0.18483678320740457,0.17602555041471332,0.21536016734339555,0.06015265609044494,0.19785585225280014,0.1473801977893577,0.2344265296587396,0.1609492505931829,0.14119683874306124,-0.02534784697642935,0.41078538446162655,0.012130056862075222,0.07973509229815658,0.11638316868464228,0.18784725303666222,0.17308467713299042,0.318527151724564,0.38836551237690425,0.2993791129019589,0.10870803605330871,0.3504176862655353,0.2399879609795081,0.1139994297016951,0.11206858380959897,0.23713288686289205,0.2419881751965031,0.03280117356706042,0.06749470334503724,0.23485044237183297,0.15873296322301048,0.18855357768174857,0.043177065582638056,0.24408637282309645,0.10730174315806316,0.07489452940228963,0.06320917114670026,0.08192209473338544,0.11596244923444411,0.09380870105721768,0.05748954017959579,0.3607718422165657,0.17702106395418038,0.36736701879527406,0.20565865088020108,-0.05789681998597302,0.20234772613587598,0.39762714998171733,0.2885385917225363,0.26175442198351856,0.26876836345093197,0.16962828663516916,0.19392317845072293,0.10295931279928228,0.1106611313018754,0.30034871211947456,0.1368949467574225,0.2361356676298218,0.40510987471855386,0.27143477708611596,0.20261474980706332,0.23237227851527753,-0.05038880105100426,0.4385014216656034,0.311173509636941,0.0035839741775954537,0.21870753472799864,0.3297791781370868,0.09735463672418176,0.25148677259761576
0.08763169784349814,0.24386147980018133,0.0,0.1128069589263791,0.04974596354556664,0.26085167605025084,0.13777557669238608,0.07723557724083567,0.15016851221191344,0.16761411486869815,0.14103591851513644,0.21611086707663432,-0.008597383185425302,0.06796342571602824,0.163769343302524,0.4184441902279312,0.18306770251617027,0.19861719230489505,0.043214274458623046,0.2103266744737781,0.08384043188779389,0.1956650059050827,0.20827695991540843,0.084658692371968,0.18096632541528737,0.04731355804705403,0.16461779527828163,0.06507450626423282,0.10986645613316473,0.1122517797866296,0.05390912335091829,0.19048707736841905,0.1852044083191695,0.16807257445263138,0.17988877136606637,0.23657015755166416,0.27568163955889075,0.14711256695188515,0.05007405563386927,0.32680199875241467,0.2349669414807434,0.18232098585429937,0.35982635115632844,0.07238021923688574,0.08030554943617577,0.170080880552844,0.05168756837806156,0.10126417200473804,0.1003891315644556,0.07520966782298802,0.14572221780816963,0.27021633230324926,0.17233210574253552,0.25391581428132265,0.2486966815479632,0.14732148822011573,0.08921918650294412,0.14836938490311902,0.23335461089544834,0.2111320458948724,0.34503161228228746,0.2801047115249202,0.15652501430668894,0.1518075149986865,0.14138791101958978,0.07867222370473398,0.3355627158279364,0.1112752410109159,0.08677881455106737,0.077297515321793,0.09147536539385058,0.12559035133684018,0.07076666172817757,0.25395977077279497,0.10107220446383958,0.10442465163926344,0.18129657732623522,0.08822498034411808,0.09244064620000271,0.32430809314881365,0.21079842469738258,0.22691234451534928,0.14036944539065713,-0.03719613076973896,0.1197375831379279,0.15653609420340692,0.039545917148758734,0.21134789314155816,0.17689992735262333,0.15451440491149643,0.11055060629705345,0.14778987103731633,0.18424627823860917,0.1313041415655976,0.12213934619756828,0.13805042521434036,0.0724652833435941,-0.024378376600945263,0.058593526115388476,0.017197089930121118,0.20963812302916815,0.11486199608317217,0.07093344845391228,0.232046222755141,0.10385399274142305,0.19115667583063498,0.35850547425989093,0.28045458464781253,0.20029679482555388,0.14203849019213166,0.33605138380274785,0.1341457094389264,0.09370115695142098,0.22114469730552194,0.10519048824938054,0.13279434074791213,0.2343217484008526,0.11428702351775681,0.04745521342443861,0.1794289570667546,0.10044423151256839,-0.06635463170180077,-0.013290031796728004,0.13518661122832173,0.11254321387399287,0.13438537280343862,0.11031588040972488,0.11010127936325147,0.16414164018719227,0.2017164615127569,0.07644455015924952,0.2922990946230674,0.07471410476186488,0.15183571109848784,0.13559388816777548,0.25338572118641034,0.08521629410572712,0.2242251944638959,0.12685703391323497,0.24611408991081363,0.1045991865676361,0.08840105265803667,0.14446897247134743,0.11343107799156403,0.23593126012265295,0.06914609252393729,0.07835232868666894,0.04742143712364719,0.15330433228993537,-0.17480781021421302,0.22648800982203332,0.11074695839089184,0.07708686195730642,0.05984499093116557,0.2300507447572906,-0.06940886223965125,0.17712774041023344
-0.09214260899307476,0.16008043225537347,0.1128069589263791,0.0,0.2825815039261058,0.37685390470297186,-0.10827544322532724,-0.05601335704058801,0.1501307934766032,0.06360750081836367,-0.23520975614977307,-0.11698601622450111,-0.24252451310869214,-0.3194355112525308,0.16098338340742313,0.17633274940859425,0.04048425831862026,0.22321227133731866,0.3310196748235985,0.003059388654424586,0.27563781464908776,-0.018852316144974388,-0.011868100372420535,0.058674327282945624,0.36828260187336526,-0.10468961278085022,0.306058219949809,-0.2204382527556813,0.3400829407931282,-0.06203221173709203,-0.13991204502238974,-0.08487298388364661,0.2383150271478546,0.16519463000650284,0.030052146417688455,0.3152576981865159,0.16861802104995333,0.08104980909790839,-0.20102755284194354,0.10561153010930532,0.17724836592644355,0.24010741858635148,0.19164651485427195,0.01913561244643374,0.24489107852652098,0.1815843774004766,-0.004324325807798678,-0.21213102081825183,-0.33928112517582737,0.18266097787688834,0.3320832187673979,0.3694015484772615,0.08263242429762452,0.2637168953886786,0.13245493565992195,-0.10018052218281354,0.23331062726502474,0.10492084418184092,0.4191080975657959,0.053702385861595724,0.25270877713339807,-0.006784484940401451,0.32661268811993605,-0.07594733684566088,-0.28702832458629063,0.1765991308500432,0.084540535241084,0.04684967424705345,0.17068866415441955,-0.11722734480433307,-0.14579744798808997,-0.1654321600034046,0.1389739405000229,0.021576956023421537,0.27963181765956446,-0.013590676968592253,-0.1759713227939395,0.0499682921506504,0.29708270183508784,0.24850874235701842,-0.08435679908204402,0.19257973044406757,0.09712787231222843,-0.040479805801011785,-0.12809355130261266,-0.1376020991372798,0.06688141883942968,0.19621596050698367,0.2520032549701689,0.3607302417250056,0.18001518792265783,0.09763824698104599,0.21009082360738182,-0.19567758300478283,0.28863609182548544,-0.049401690722470415,0.12544979167223871,-0.19050408372926605,0.2437826672099952,-0.01942678666873341,0.10108427092829893,-0.22302121605937772,0.43219376320357866,0.08091697088582231,0.23444940935187278,0.15922568301486997,0.21455690494987262,0.005713201529981697,0.045126158532904186,0.3287357268970035,0.2708020624003034,-0.11152206972501597,-0.11715240793950103,-0.021133672771626703,-0.1873547486195581,-0.08918577252459628,0.3428131714468665,0.2124984354719387,0.11769416423383511,-0.023427036597255934,0.3205260348047056,-0.11547758466852036,-0.22557325287269156,-0.06122945442160927,-0.18220741962811024,-0.23595614536529347,-0.011616427942889624,-0.1067273708707083,0.2833010048848127,0.22321289844413408,0.14573223545291358,0.0007927810275899354,-0.03593692684206434,0.11927179670272381,0.10982082304844043,0.3258302213905138,-0.08130851927593508,-0.007856181076439473,0.2605424917968023,0.3277489202309548,-0.035107967909804146,-0.04852755289468715,0.27971828031711626,0.2717408057933348,0.4021582745447281,0.12169477310184307,-0.06266149692177887,0.008746624379419561,0.08159200311512953,-0.2313272132621662,0.2441248952101447,0.35142078008393113,-0.24748414240167171,-0.08773515014028435,0.12226235898931449,-0.16255935806573152,0.3965067491648838
-0.004138188532495825,0.226654701514608,0.04974596354556664,0.2825815039261058,0.0,0.2631276112402399,-0.12677363390348753,-0.09569687864019133,0.2307542654951422,0.1395403873911275,-0.24572229644929944,-0.07583787347734755,-0.1936781515652947,-0.27977317017806713,0.19081311439925977,0.15112226829876527,0.0016740160076149134,0.13582184854655388,0.4577825979997256,-0.005877749211670927,0.217027940653792,0.106872681527301,-0.0006158575813530494,0.017222209610889192,0.3974020013860177,-0.09758097049798069,0.25687915496932356,-0.23219499391705556,0.3232063544879157,0.1897434964493553,-0.18689925511639693,0.01946443300548443,0.28285015389443857,0.2860981964604981,0.07709207419234877,0.34282683097913674,0.07264192839009452,0.24592221460879818,-0.2210532639009674,0.18588799966549288,0.12524189108476538,0.301266988552574,0.21807282749204587,-0.014981529825903029,0.13586610954952152,0.1975498495360264,0.06951421257394579,-0.1569704588821883,-0.3026445560121678,0.1275365252163224,0.2760860010382057,0.2140685839582615,0.021476368280231518,0.14183935529900382,0.20997379013462858,-0.13317296071760024,0.22071435100202236,0.22328992141407775,0.3676495822207275,0.03977372062836929,0.10228452900079031,0.06059550189155539,0.17727307374829943,-0.08577552045004949,-0.25505896734756145,0.1476156125308871,0.18816486379532893,-0.12695523438410533,0.31873310564262464,-0.16623846329272726,-0.04673823576435536,-0.06574262389439058,-0.011290983724994328,0.09333532998742493,0.22325263887437932,0.17325727036276836,-0.1485412501080695,0.13511542445238728,0.36316498743486375,0.17901021324066646,-0.03660863589849769,0.1510426418444459,0.18923004692504544,0.010391350427866245,-0.08279700000210721,-0.17189946906658346,-0.014026801137145517,0.13417328901778333,0.12258380528561037,0.2382560377352437,0.2296134131561775,0.00879361840367092,0.19919927033405033,-0.13510140481648333,0.2174373487795653,0.049774034677701015,0.23131606068563076,-0.1776508629056955,0.3263546658984091,-0.07412841456614662,-0.07831480623266521,-0.13057316693419665,0.3454848787099345,0.10368805880944287,0.3855046542503947,0.24138084792786585,0.1790244647394499,-0.08455739714552789,0.08912992246356939,0.26138333011056686,0.19348945437747747,-0.0673261870928251,-0.07948617278181568,-0.02465365671740981,-0.1853532914976219,-0.04552663459110375,0.17387005346035322,0.11157235476780489,0.20569218701040265,-0.05673610502270539,0.24051722663244487,0.004129817758393148,-0.04947329266833133,-0.10215934330672005,-0.2176112653340299,-0.22471654125407814,-0.011229996331794945,-0.13920664341088967,0.2644062880729996,0.18902907735077729,0.17304034462201617,0.02748379600271057,-0.09493418837739961,0.19234476066229791,0.18603262433700496,0.3235249920097117,0.12326961238977364,0.18092224578273294,0.26334229880260956,0.27140904003328636,-0.040380285862620595,-0.05312808190138382,0.28378454922371543,0.21630281663035159,0.24022933343592076,0.21997261875909008,-0.005928825505262701,-0.010182512855124838,0.18822429713946795,-0.1305335130874617,0.31782944957569753,0.38764418292924363,-0.048804475222111995,0.07615055414452183,0.07790485767484047,0.02249667454932506,0.20749873944838998
-0.07692051632719278,0.20404970390600083,0.26085167605025084,0.37685390470297186,0.2631276112402399,0.0,0.02613172951851901,0.07465221596793124,0.18579362294317325,0.10818293716059695,-0.072510218318068,0.05065471952102379,-0.23037626216320847,-0.23825545399345074,0.20470714262532771,0.3051744580035551,0.20262252893074953,0.31977625243654634,0.26156691352703176,0.04474119668797668,0.34241735742143803,0.046093719763939014,0.000468887005601934,0.1461633859529105,0.40790558240875363,-0.12164516348437537,0.3427048047821536,-0.1547063328989505,0.33359568408779255,0.0031158846641184622,-0.07438041622566437,-0.019075668237157384,0.31442718126053776,0.16097380457658167,0.07098924581606875,0.3170747593158213,0.23910604183994622,0.17853522482038986,-0.026800849411357554,0.2608124630780852,0.3405371368392873,0.23502196726234686,0.285293721725583,0.11714450830456079,0.2192089145432155,0.22844112326975077,0.0031927315167351467,-0.1590442843629211,-0.1499132483869503,0.19489276161355623,0.4016064181836071,0.41607358249100895,0.10881840271275098,0.35800503902142305,0.29399489464862866,-0.05715801515340054,0.18110436057770038,0.1180357958250695,0.414905521761951,0.27943267693232515,0.33435990829553097,0.05667137694989361,0.3296221880023454,-0.03364267079656017,-0.211654570151587,0.17305599509067826,0.2581143497230543,0.17744654824895137,0.16732567996664804,-0.042999585426382166,0.027481558193739795,-0.074948371532381,0.22155201753869924,0.1456786578195216,0.2315296884860302,0.006228097735921608,-0.12885158844113612,-0.01025156078137213,0.2327835891914324,0.3333860802400013,0.07951745434596867,0.1856354684882067,0.08134769272816857,-0.03491609243604282,-0.0708016705882314,0.07005487436624443,0.13928587736752326,0.32153949983303987,0.32975861241581034,0.36001362821142663,0.1607913088901665,0.2378506817470663,0.30528694272265094,-0.06109783444811306,0.39807389381397634,-0.08738798763762519,0.054116999454938856,-0.18448529248606696,0.17946766588028246,0.07891887725932555,0.17191154033894726,-0.09689803205547065,0.3484028964257655,0.1330065520270606,0.1953614450793054,0.22346196556518608,0.29772205084500564,0.08013257639875378,0.13238324387979053,0.33627051745093195,0.2820398748979412,-0.010767901149803201,-0.0666830149296071,0.08392514485292905,-0.13213094062811848,0.0991504153112206,0.359019779178822,0.2362845953369029,0.15985444053957096,-0.017711997142578956,0.30719506492695886,-0.18805421085265187,-0.20903813742707367,0.13124133998796783,-0.08528119486387045,-0.12666867717190822,0.04782353550944236,-0.035258299858314544,0.31584971217075375,0.3136998514845714,0.05697242352788649,0.06967764145754743,0.050593931030439306,0.0821073298451009,0.17943439162176802,0.31301455053422067,-0.08022128203290638,0.17383052433768392,0.2978676427030803,0.35286385100029566,0.1454956217580882,0.10439966431168174,0.1982485942627799,0.3153051381353607,0.4489230812913023,0.10481359541940809,0.03406785569068253,0.11937155899554545,0.10134446244230184,-0.2608880475832655,0.28499574314706727,0.3391310467041083,-0.04063113968195652,-0.024868937872363057,0.22888747208754845,-0.15550986410442202,0.3900181884524068
0.18019929639570306,0.17849997116598657,0.13777557669238608,-0.10827544322532724,-0.12677363390348753,0.02613172951851901,0.0,0.23707079348810992,0.23961727269549982,0.12063381622860556,0.3371423177364539,0.4246791455432774,0.21451344045706153,0.28956317727088315,0.05675240628844905,0.1681032268090019,0.3595099408569357,0.19228641723755968,-0.1648180102585249,0.28688500285356583,0.006234019880854407,0.21550357872025058,0.023004142292473866,0.1703117540452821,-0.1104393010239308,0.20713544623699995,0.04905818230284564,0.3099719957966376,0.032699485258461704,0.1236413947328415,0.4297797660465062,0.34728613543703746,0.05968969123642508,-0.020020544868137275,0.15149593307680473,-0.08724956573994727,0.0716881707496884,0.08837658917462772,0.2535195308931769,0.1254924015932335,0.1757649448382166,0.2140640419079203,0.024580166962439264,0.3499174218951191,0.13114338810567508,0.3040343407747747,0.010652111759884224,0.12333975041249177,0.2386751134764893,0.1764797449443702,0.06607368349545709,0.054531566032836515,0.2207099758019708,0.19643108079881053,0.18862361995704233,0.3687286311355915,0.05805478216649471,0.1094506904519196,-0.023767478216195678,0.18584600228903242,0.05242381988853647,0.2870448670349848,0.006243051503362911,0.32372307607296064,0.21706627866182315,0.19466406187492866,0.2330747640408959,0.2768889291238524,0.05171759766321767,0.2524289556630757,0.3276815214317418,0.37138134582127785,0.07891225949819841,0.27918979746950295,0.0902709426542211,0.23927109203639313,0.06646115566747805,-0.09269925843105856,-0.11892164604080507,0.19013126246994538,0.41934201078807753,0.24372853136856118,0.08699673236194197,0.13405913966949126,0.30639121815846426,0.4160665849746174,0.26652083311817737,0.23281669967419313,0.15497699160964856,0.07190565706750633,0.0927363050107153,0.2297980497475575,0.11343522853636728,0.44139823657073396,0.118039985852771,0.07264941235315903,-0.06930865839977988,0.2540923029613631,-0.05665350112734125,0.19006705064488605,0.21470431737819914,0.2734086561150472,-0.05182644498975571,0.04132172943014202,-0.0483428703274347,0.300290421852845,0.049893792818927515,0.12530576678171074,0.32874733879003865,0.04363193670761552,-0.0811514960014921,0.20832681769721198,0.41457287998908465,0.23059053606286223,0.33264283748484325,0.23146589925401018,0.0007832801516234005,0.2340566165600108,-0.013060006614296455,0.27846509233590894,0.1291562910049464,-0.03222027860718481,0.05576915774379646,0.3221047311619436,0.38306327419359326,0.4033031576088063,0.31299843983394116,0.42353036085940265,0.03293991498867081,0.19822261583315606,0.1717647135790569,0.1140463270436015,0.2956375281446991,-0.05315821657491229,0.3087821438796476,-0.12371883532118876,0.03796532258969899,0.16677924881067585,0.16187788007939605,0.10564961191849509,0.3969708991309745,0.3743307825626541,0.04053956482130806,0.17336088700304028,0.001120229298859503,0.195973241229528,0.41383587380309594,0.3119578525308469,0.08827022570883034,-0.0860200232039067,0.11523978225012858,-0.10228966174340012,0.07443085003787606,0.12118991012210321,0.2711714770054476,-0.043539151316999286,0.10284992307678344
-0.11613050499701157,-0.03449735341308771,0.07723557724083567,-0.05601335704058801,-0.09569687864019133,0.07465221596793124,0.23707079348810992,0.0,-0.06824541666496167,-0.12223733294642859,0.20416622209236188,0.1531323577189752,-0.07387498085721422,0.044189982569538426,-0.034379622461024384,0.1347687337127083,0.2615251618696537,0.05081165344727962,-0.15215647645323543,0.032669426787693634,0.1228723663482766,-0.010670989421176015,-0.1644452323406945,0.057301445700183466,-0.04207041211750425,-0.0503033392473079,0.07437869289004072,0.0762685139945978,0.041491906314370754,0.013272640605447613,0.0856063128796072,0.031081979302659553,0.03699535606518041,-0.11548612964658725,0.04460623159971694,-0.009066750873241929,0.12518052958910708,-0.09225641147549983,0.3733853973198187,0.06284469631133136,0.17822627416411332,-0.02312936862128047,0.041295574210181187,0.09525862241085152,0.05315963977171137,0.01673964624381964,-0.21498996000531198,-0.05579993804839416,0.12890662867901978,-0.01259509281848939,0.10767545455837732,0.1502392091258012,0.13264774618101044,0.09887532517366879,0.10237556895933426,0.14489789988655413,0.023697646191808485,-0.15262998721633092,-0.023993158882620592,0.3164076289709023,0.0075768582686314085,0.023346154929409557,0.0694720090221988,0.17925763676234582,0.048159652870573215,0.18664836694035342,0.09430141920964293,0.3854177184777332,-0.06822377592110877,0.13641041014636943,0.1981864191556577,0.09301693973627323,0.3172686413909355,0.01957625108910362,0.13755259588614238,-0.053397696882534304,-0.11705736610848362,-0.2017632659431321,-0.051879236436441156,0.14502636548265718,0.10400515698206772,-0.042978829571872636,-0.07434225539445674,-0.06400799888437303,-0.011967753079341953,0.26141319338460756,0.36718495909339743,0.04085186845167983,0.1792643364355595,0.16505737815350424,-0.14527410234312219,0.3498816654630192,-0.013207783778163345,0.15100179566687655,0.1617667974953808,-0.1324319572748178,-0.2531088719323891,-0.04539707426292707,-0.1385570565694528,0.20086719677539874,0.22602187729248527,0.0644750037424067,-0.04497957779530089,0.09329334692849477,-0.17089238291830103,0.13241749928256594,0.040451176489963374,0.0792549666837183,0.11442368714486612,0.13235256869307346,-0.0011351827440517627,0.0553760574278213,0.0879255659899153,0.10878619973672944,0.10376648249978765,0.23469269690776212,-0.004253690717626857,0.29294260733346966,-0.14281024627283928,0.10995391580372166,0.16664257914114255,-0.3176257862015689,-0.2305596417306602,0.181324595266176,0.09511566743263078,0.13403935987268534,0.2651440026811783,0.122208405878325,-0.0308628794270791,0.04696854638436239,-0.015822786307371613,-0.1306520472614478,0.3710467122095526,-0.15371533265774734,0.08885372951589081,-0.12716574592125526,-0.17747923181769074,-0.011791406279131271,0.14216467957542095,0.08553810118859116,0.22053066798473617,0.20121438656108762,-0.14118345575438027,0.23381370286654618,0.04773611161467782,-0.043924408000572054,0.15052632987544076,0.24490578509793662,-0.14063844818046436,-0.18291126093681814,-0.007706549772508651,-0.06505444840093645,0.07150937327793919,-0.11525782722464835,0.05684511561187021,-0.11308631171892036,0.045352190348766114
0.21504700701337306,0.40683935061147625,0.15016851221191344,0.1501307934766032,0.2307542654951422,0.18579362294317325,0.23961727269549982,-0.06824541666496167,0.0,0.2129093803597914,-0.01454300423774458,0.2739964987206802,0.09885693137790766,0.02901447732804753,0.08669625292519406,0.17883988321084177,0.1528375735785898,0.2898145851373175,0.24976126032601292,0.19927514359150542,0.11570443540137747,0.24053574796773936,0.17308514051319818,0.1661866584129939,0.202858913583923,0.15516385893453905,0.25099630419404934,0.08270669759970706,0.23410081447888761,0.17439612147423075,0.22763954776592618,0.35229443305136127,0.23240708942943436,0.26995251045619256,0.1141949210201437,0.12589918927151925,0.045284851132518726,0.23482993662583773,-0.12323987761841154,0.27443431793565554,0.09332430203385896,0.4364134900355757,0.11221295886867166,0.23615844394180713,0.18504949436198886,0.44033144846054256,0.20585877297090488,0.08890860843508146,-0.08320845117378939,0.31122887289681384,0.2449061194464621,0.10793883035237058,0.15713882217570813,0.2285692249654746,0.23534665630746568,0.19229587729512143,0.30962582369991243,0.32727819421440874,0.26112681074227195,-0.01581658202742297,0.11327522896688318,0.3470622256627529,0.1428677346809872,0.10603698076407987,0.0040786500551921925,0.12638171855969815,0.31650356926295303,0.020663952024895772,0.3536913742234976,0.023523825273894777,0.10667034766005512,0.2120235082825544,-0.09529263970737108,0.32612999501098483,0.09746930939829393,0.36244502858045796,0.09562898221115394,0.12617209068973118,0.22233536302098578,0.23286642951306516,0.25681377380913434,0.42563833525037686,0.25034291384600815,0.2610172849405786,0.24311274954729756,0.13736821948229563,0.08965202017311193,0.33344953418540807,0.14851863266214874,0.17537317828700982,0.2912928257373212,0.04478156298698981,0.22548077269788286,0.22291611580158263,0.19737773111036502,0.1337332790029714,0.2358411699442365,0.127796764237722,0.32792033588318814,0.020722715961280964,0.05671682952345457,0.14781605809262394,0.2105807333544925,0.16768901386396742,0.3091747009453501,0.40628304838461893,0.25033267078802757,0.026993042783350844,0.3476815659700911,0.20589926246308216,0.031803920759136045,0.09818350761581138,0.3014572563578228,0.1338853652293146,0.12399659266762005,0.06478644787834383,0.15800111106337655,0.12572122858943838,0.21913603100011536,0.15633681346096256,0.18590583054451068,0.15422829556486298,0.10267200221042341,0.09418573386350176,0.15991350932643086,0.16302719040715719,0.10495414456858748,0.2133295933765019,0.2970423523192901,0.23989143202805216,0.36411442517872655,0.23397245075915307,0.014128057532946967,0.24826719472316627,0.4022550067509427,0.20504826442235094,0.2470528281905657,0.2631007396001438,0.20117862456708488,0.18939131430070366,0.20609614025369974,0.15702714911314938,0.27797344239003025,0.16225133722353371,0.19828173257557796,0.42450918173832686,0.33464110028019184,0.16395393640534456,0.29371375715569836,-0.07314906602413501,0.3586227848768155,0.2760819550330051,-0.06219713758096566,0.23999583756529408,0.31286151734344364,0.04411427346379974,0.25183160650000785
0.2119638288146659,0.12304234043857154,0.16761411486869815,0.06360750081836367,0.1395403873911275,0.10818293716059695,0.12063381622860556,-0.12223733294642859,0.2129093803597914,0.0,0.09266767252228016,0.058408568212603276,0.18624776690006808,0.1276901306239105,0.2197685328802697,0.10088742746559153,0.12247220514557597,0.1841369304264328,0.11931651889032065,0.20504064586597393,0.009695177975941686,0.3310421371616452,0.2404688476349724,0.16516968553077316,0.027934288088406943,0.21965201675051063,-0.04028844611775745,0.12199872255785038,-0.008005701553077938,0.010374964804663449,0.18901405706441932,0.10557617573606726,0.07631123425547438,0.18472842565477612,0.19820265636927883,0.07821417708531035,0.044010599875307366,0.17519047238785038,-0.07640476649043657,0.12630152222149998,0.06783931572873407,0.25170505778629365,0.07027536445119455,0.11904793990792617,0.12531909561900392,0.2113262678783193,0.017499018153295215,0.06735276398651635,0.07254390489151652,0.2037819443300142,0.019416818207580636,0.0709382696192185,-0.04028561578266347,0.09559519760256506,0.17316781419616017,0.12696908993053482,-0.12288567056200711,0.4467462380100723,0.11183300886476243,-0.029119271942424165,0.2706831826887735,0.21625279221921043,-0.12500615653520666,0.10538720691398464,0.022023284849821027,0.03621889776249048,0.19348354761502862,-0.09273623651266069,0.013761043971045748,0.20123915471016904,0.15390714044015327,0.21429628221564953,-0.061445869202795655,0.15200787228693316,0.0006299233938334225,0.14320455417017972,0.07198095714196022,0.1560665050166627,-0.11176192731350976,0.12157056082008168,0.23214167025275473,0.08536315458759701,0.1388993810089207,0.08501329489846104,0.2538536427153676,0.08023962574313283,-0.09365809464692754,0.158635553197179,-0.002117388246403465,-0.011770583654283073,0.09428576218160253,0.037540361657425206,0.1936268444822257,0.1277712554539323,-0.004513656728030108,0.01788848721446997,0.1963680788963353,0.18040646311283562,-0.010344686260217523,0.051494391010422226,0.04785027317021531,0.1774113074525548,0.009864507277215362,0.08322386557852629,0.1440067646108834,0.11660918396246545,0.14803931779262583,0.1818647015272428,0.01847907838998638,0.04825157359300544,0.17290882574723562,0.1255375803407009,0.2091637414812615,0.15098186545020545,0.21555048178425829,0.12179315235024235,-0.048983535643134825,0.007666440349665978,-0.03614873537238333,0.27571786030752876,-0.03735186839656565,0.052837435137003126,0.09911577803174172,0.10449893269437054,0.19669785563675732,0.17647720934195252,-0.01954383136542856,0.23228409385401086,0.008993556536730583,0.26032088343802406,0.051788871253928066,0.2273158306428716,0.04323823970870055,0.1069091456253686,0.10171080401744763,0.07532204631291964,0.20336115230233914,0.1260145625064902,0.04904012947997514,0.13809676759162115,0.11377463347299721,0.08489720680050301,0.22057795045976053,0.03234804371850966,0.0501988333729863,0.08386592557841493,0.04250661544708538,0.05035386227332618,0.1770150476632578,-0.04174029222629502,0.07896608154796539,0.06696661996884472,0.03668568983728132,0.1888392736856299,0.18200976023727736,-0.14367562848367157,0.10672859798023557
0.13980344931482044,-0.030227067483965427,0.14103591851513644,-0.23520975614977307,-0.24572229644929944,-0.072510218318068,0.3371423177364539,0.20416622209236188,-0.01454300423774458,0.09266767252228016,0.0,0.2915585541903266,0.17033058831790152,0.39609850188356227,0.09129023457573487,0.08310771880355936,0.3340866987875788,0.0394021371964605,-0.29307821076127205,0.30044987827081204,-0.04502291918762311,0.1688596602454679,0.05381302070006066,0.06400320003389633,-0.20693421989112265,0.16143966648821723,-0.12308581717903659,0.4130741250775589,-0.12757765727932305,0.07226957202429657,0.3169750247670689,0.14335290942650628,0.03467778904361369,-0.18797085686560697,0.1305029649242823,-0.16217153416521882,0.1699182607673873,0.02916276312078005,0.34312942566873034,-0.027528152363894345,0.23914566642813048,-0.03068485051172899,0.004894684150251956,0.27857378806132604,-0.03562087396399514,0.10178636638674882,-0.10907523872239216,0.19390934938084742,0.4143841987183456,-0.07960665343503016,-0.12402180849910203,0.011348251921336353,0.14510623741419804,0.030182170408570824,-0.006080816640653383,0.3883338200935167,-0.19433408348206524,0.0179511143517204,-0.1691335563414843,0.21331706606464707,-0.010665432746292109,0.1877898294358331,-0.07877783362095399,0.3605435140628703,0.3243213941048658,0.12392802212233281,0.029992104296630375,0.19334873871776886,-0.1532886353064106,0.2912171731730538,0.35431883320804813,0.36342862584303665,0.03987660367671769,0.16476804712343568,-0.026088516780416435,0.07570034609710892,0.16735646690580214,-0.06291968553992333,-0.24127388754182713,0.004233539507718685,0.3196989634583217,0.005077930918957763,-0.09429044352392259,-0.011961492442966385,0.28966200759508326,0.38220934894111075,0.16627695122661287,0.06597316587428836,0.0013632948303805813,-0.07797518440965333,-0.11936729387982185,0.13627880571838175,0.1563220854392594,0.33101506649352563,-0.07619527417748632,0.04084314737449946,-0.09984170934263334,0.20681336826182115,-0.2283888967103789,0.15826542592134374,0.269414325026335,0.2839457776737647,-0.24520848481709648,-0.04605115207705753,-0.1393989217035664,0.07483939428407214,-0.1386127038588474,0.18512030131432078,0.09761229735219706,-0.06191682057842209,-0.07762569859244732,0.23433977053958677,0.29569313603377206,0.24415943126580358,0.40807622204291244,0.32974699144174613,-0.10291125507181306,0.1031901787683885,-0.15782727180732697,0.2573274790883503,-0.037191622408999446,-0.08082402245762182,0.05972121063368526,0.30898115042043095,0.31947378656825837,0.3760099681172967,0.3269906723441997,0.2974859654083228,-0.06699268283145143,0.1833400140338475,-0.03168142178349807,-0.006394497999463137,0.25505896491002505,-0.1318748504138314,0.11189669727703395,-0.23488351250924852,-0.040643878678959786,0.06880038470653711,0.012448896794329629,-0.06257901898890557,0.2934516764312811,0.3080299914669341,-0.061495144621565294,0.03923840966932356,-0.12038718704567161,-0.07952331257486037,0.1956220676380716,0.17374451155063467,-0.008292141043826091,-0.05601046514963797,-0.08127192447877087,-0.19268908135735838,0.13141572221126327,-0.023248181020834178,0.14066051669837973,-0.11036602139306115,-0.04674311607550765
0.21947458924929752,0.2861813366067422,0.21611086707663432,-0.11698601622450111,-0.07583787347734755,0.05065471952102379,0.4246791455432774,0.1531323577189752,0.2739964987206802,0.058408568212603276,0.2915585541903266,0.0,0.20637292374746732,0.2632338962913903,0.07882447659394123,0.23820438739801386,0.3012210611927866,0.20392478999199942,-0.12348423769775788,0.2961017299791284,-0.0362789034658762,0.26213213644533784,0.05501376186717253,0.16217131880230828,-0.041105144988949835,0.16727393918332606,0.11679674278176505,0.2708333908100261,0.046534957895647024,0.22408344771530164,0.343993782232016,0.4196951886051098,0.08684273976782017,0.03889481557589506,0.18441642431411556,-0.038834862524876584,0.11109186445887173,0.11764074944505248,0.19486235756763146,0.23580229858757157,0.15002096518580274,0.21796502265454776,0.09115797428433285,0.2796355334542369,0.11762988779645601,0.29339878043683426,0.16339994023757579,0.2228622343047459,0.23672306285626862,0.09216116354904438,0.06361371340775451,0.06913270610312645,0.21662453232023351,0.22989883992551924,0.19882454609485695,0.3199158886730978,0.10837902113710622,0.08939575059752253,0.009319902829660151,0.17513453380241642,0.02200214859779381,0.34708232807817124,0.023361257651784997,0.29532786495152347,0.28499306335629376,0.11110044590675411,0.2939981098372644,0.2202729351574988,0.1560076366838223,0.15154120940863675,0.33923381525745083,0.36703290099642155,-0.04275181175892081,0.3513539099793664,0.05216026075528455,0.3092372418295397,0.1940312427006539,-0.053520934059359766,-0.022454796984811905,0.19829153931073482,0.38871699548595073,0.30481090307241715,0.11319259567835238,0.16122956444063485,0.2803805888711725,0.3396718288560181,0.21937569753590322,0.2691925119738961,0.09993816103844116,0.024008727220249788,0.15736457093634512,0.17461788849079202,0.14195806752020057,0.43289520565153883,0.12891809561850898,0.14505648607038546,-0.04231551788661967,0.16888732652360267,0.046376994291058515,0.1507254212339993,0.18037038476696668,0.291674528097187,-0.03290465922410094,0.05732400630880589,0.056610798189493584,0.3258755338784859,0.1283153259156314,0.15358868535718892,0.37719016359155944,-0.0011655878877487337,-0.03910224095600395,0.2467463925670657,0.3535305509003614,0.28816449856444915,0.2775713902030757,0.22518685307685143,0.04653800420794522,0.14705216211075406,0.06342315969854002,0.1780985222026168,0.12423656445371209,0.05700893901179171,0.15859759474608306,0.2558757170833725,0.32136295333088744,0.3740190250718116,0.2723032888134464,0.3057618810272434,0.10554314552651943,0.15457250090149266,0.213219660900386,0.1818733982058954,0.13563169271804312,0.02375215141427762,0.3247769197192836,-0.01467563905869924,0.1308569251067507,0.2787819685557387,0.12995561486953638,0.10441682618517693,0.3044530092313616,0.3064715992934746,0.05539535125677679,0.08779837280982244,0.012277778232562011,0.23755789148895112,0.41216415950401547,0.24558742366529362,0.16945065878906332,-0.054015109509507414,0.2327952866692926,-0.0288703054715919,0.16319644362914684,0.1870493412154635,0.2598433494084732,0.05547710680419097,0.05673552748312075
