0.0,-0.11897540429546413,0.13538751773883073,0.0881654813833901,0.02775787069130956,0.22595441242842804,0.07650749384953366,0.15020782951146178,-0.0900635698404155,-0.0356551631086858,0.2354514199684004,0.08961091143275159,0.3711014018074654,0.2860078755374911,0.21599631612215975,0.1433917145026314,0.2366807665762687,0.03598547334112451,0.003644995422929147,0.1346245532166143,0.1640853749684016,0.15323163270560294,0.25367322953353516,-0.09229004461758443,0.05961900989733903,0.18263574666499982,0.021024646287715665,0.24778887809231526,-0.011076927041968157,0.08477343288179977,0.08827269951655592,0.0777566429605445,0.1157309060413649,-0.09960052834315938,0.18517981117986018,0.15828434684546053,0.14933146114517892,0.15479921899192658,0.26385136441534984,0.0991933584342387,0.18865916860192583,-0.09091514421922467,0.08112914496167657,0.20736414978611328,-0.16053053223487337,-0.02466571265965014,0.1781482862108046,0.3143870974386174,0.17395068571410885,0.09803431843275287,0.2320855582355286,0.130050166107607,0.11402140751709143,0.2879754548169513,-0.0161310311092558,0.14650970751809228,-0.08045736432156657,-0.0023280166961813123,0.10388164905437432,0.19815257456599875,0.24787597196752376,-0.1302917572776789,0.10233120714976238,0.16774327781830606,0.25794739688565693,-0.04951080061295502,0.10842527084234425,-0.00586561275377899,-0.03654790387323395,0.20600807301107757,0.17789995796319757,-0.08618366925213539,0.2400374648025117,0.18967965049785981,0.07233338055974539,-0.09784603213385756,0.2783255041971865,0.017972492885108497,-0.04492929743643485,0.12218155797738157,0.14943334257680513,0.010511234249185286,-0.08612778016691962,-0.1830030072754151,0.3084227808201457,0.15723013178764092,-0.004304628640273575,0.22283864077185678,0.16971101062348434,0.03632168003211209,0.16391539629867152,0.1726622140612844,0.17775584470675931,0.04183498263402182,0.2228193986483785,0.13286202606012276,0.3473840320211574,0.24352072048269888,-0.12879622180072578,-0.07883416637513058,0.151692520952857,0.2696331697746589,0.02154235925322479,0.11697994047552843,-0.06109236195837845,0.028666270536729193,-0.036091096796726715,0.3864662090692106,0.09549778225769111,-0.007390806797411053,0.1657972634758221,0.1594307776294018,0.10105088766363833,0.404001670461453,0.1769248902061266,0.14385068999929396,0.048221341561100785,0.0612155647698543,0.08287096302629487,0.23248744875251012,0.0012201230725834783,0.25645214587467097,0.4304497447761959,0.20447958549130882,0.13057137106862632,0.25122990658808475,0.06082468603098789,0.17246103270718247,-0.022090394356430086,0.18220380107398104,-0.12269148459589163,0.15708669140132137,0.19811925841760453,0.19649617679204762,-0.02964376606067178,-0.03991203392996889,0.22830757539137495,0.04448271081317452,0.024566255133021197,0.13809507444442112,0.0831978841294225,0.1673613071998604,-0.009688613726597137,0.0735498454757503,0.0278759023976241,-0.05690314425489012,0.004847491052740969,0.31631247838527615,0.2910983515911701,-0.10665124916078182,-0.14545631574350001,-0.03338533998462952,0.20432977157156731,-0.05449791047034713,0.10836677832817924,-0.20881394985939972,0.18596386151763247
-0.11897540429546413,0.0,0.20882498978125108,0.2743583171841373,0.39069330301709315,0.06120599530115803,0.2234033869283391,0.017427877971606116,0.4408394157706951,0.14798643171025175,0.03699283940896386,0.22499326123328228,-0.042548564636425056,-0.12317909383369131,0.122900557651472,0.270924058546772,0.11158656341095029,0.30175423669523604,0.36000981738686794,0.22707496345620481,0.21133162405322403,0.2169296536007905,0.09018565785671996,0.18775228372022026,0.3154763858605729,-0.0016602254067650474,0.37797161269061397,-0.1062954854586937,0.21091233978156754,0.23847379192070906,0.187432196458104,0.23719337263237888,0.3276041725635911,0.1417978773213161,0.04618375268333637,0.15888682933866108,0.09058397472423095,0.10910210606852742,-0.18707030708836245,0.07775421162295279,0.12456398854014938,0.38335453624355986,0.21681251702231824,0.09297293967834712,0.05330240305064616,0.3276866204454274,-0.009879211984175717,0.05496008592199159,-0.19245626342526723,0.026226320786297497,0.08405755402875136,-0.014463092231357975,-0.012598477223396153,0.0781853572224814,0.1632223746295646,0.1076245084464883,0.4494657979460268,0.28498696352384145,0.24961853606843262,-0.05279019800749675,0.15463990889476206,0.39946858113903316,0.2431291149913645,0.1032547662864626,0.019407803109329234,0.14577087956722606,0.23488657836581983,0.15520333179811518,0.416424165051286,-0.12291255357656217,-0.027937097827682892,0.24336041311946383,-0.0535777820519398,0.07329001051808466,-0.05166908133766602,0.3827062969820566,0.12280472457105356,0.17812262362819456,0.42803010803015296,0.2576577091630923,0.10696972754131209,0.26845946691556705,0.08842473724664887,0.2256466695134658,-0.011664712254604179,0.005871613734966343,0.2727116707128099,0.23520730106095264,0.06817634742590165,0.2612284319036545,-0.05349618077300335,-0.06284654132679292,0.12348278056678899,0.16538241504504303,0.03661382042008754,0.04244689511973877,-0.04834016601172725,-0.0026260264393851034,0.40385390362222173,0.001147638142045909,0.11365598616329683,-0.027972083502904477,0.26292994048933105,0.24119574786381565,0.30338313968116887,0.40497074433327535,0.17259840140308466,-0.06520660579023659,0.3095667944194559,0.22172134194823256,0.27961896595502106,0.1252554021009102,0.28380812012169526,0.011474958991464454,0.10472488093399515,0.25555089538800624,0.22196254267761392,0.2079975534976712,0.2708815548283637,0.05857063566978283,0.001835593780306495,-0.21569848136852982,-0.1417863584547809,-0.13628305061437887,0.07078500858316028,0.10442046529144801,0.1376971985775248,0.1632396305791314,0.3710826052120843,0.15250783228036882,0.3646779903144165,0.18062911804211396,-0.012067865469153248,0.12936309932603182,0.3690783919253627,0.3915792097222517,-0.08713599528477914,0.1620606800885432,-0.01701452392741079,0.24922678177923424,0.2261697304058995,0.039974259669312485,0.29701700537424786,0.20729630841275895,0.1668595238247429,0.4052566803094665,0.32632253170843395,-0.03766113940947141,0.04141221975586388,0.0264468907285082,0.41254963663088556,0.4314173875620533,0.12007528612118473,0.1473551110028435,0.12025409941747192,0.08841824545479479,0.25172876745179606
0.13538751773883073,0.20882498978125108,0.0,0.36628511488109694,0.19847487579736656,0.2558760487680369,0.12636274016599308,0.20411140617004353,0.1057869464322692,0.16764379430023021,0.21803388418580139,0.2562683992941674,0.12743967533395226,0.17652411281828365,0.22754061921919858,0.4506630117997774,0.23759884305634807,0.2937649163430882,0.045488470591054535,0.15951796106726315,0.33901006074526496,0.15163075773282833,0.24873078491766057,0.12986895173317384,0.2567255002911087,0.1505222547642573,0.3518516010765779,0.18663486860165676,0.3373107523786826,0.3027103672756743,0.21857326874987343,0.04133330582021938,0.18559786019750016,0.10984319307619729,0.26457281736748123,0.22831430629824045,0.14375255786597727,0.049672758097793056,0.22738085230555055,0.26878555736742155,0.2985100681800342,0.10457041565250108,0.30459022936107927,0.202870093643562,0.036901819758642436,0.19249193685402732,0.252355311458093,0.25672041646061083,0.1562780395355431,0.17425036297929497,0.2858566706765514,0.20194685327418074,0.14401014167146112,0.2539255646179027,0.2450920615820655,0.2634845789596693,0.14360628398900985,0.05790006425228982,0.26228787221285926,0.21961401307227177,0.37360821608380784,0.213790628876858,0.2641686171244734,0.14370647854572227,0.26775904407377793,0.282033134450003,0.32760685113686344,0.2043549768545965,0.05713573145812218,0.09104930492109482,0.123619992205653,0.16473737558201407,0.13484161709095002,0.32752956066437494,0.17666048541609303,0.06581173020529775,0.2825805205752449,0.2796315599201016,0.178828900272054,0.4179129230678532,0.3006226635363072,0.16854703763489115,0.09443844389027473,0.018682842421785188,0.2760096959963727,0.11028539178302517,0.2119647213556691,0.33918837799971024,0.2048883512681769,0.3781134104614058,0.23321908843080202,0.18446174463831863,0.2806206219472606,0.13557359817903247,0.2684110804266054,0.13589490638413695,0.25073031062999984,0.22022341067468398,0.012897728623624724,0.08063865401026053,0.16016005373118233,0.2511006267770469,0.30436955538552174,0.3721547407829886,0.06161304525230964,0.24742262762185677,0.17404812217735963,0.17498209561965106,0.13776076756718833,0.2917508311590524,0.38671883434997273,0.08295242673462216,0.08689522395689496,0.28620933934645804,0.2759304127971494,0.3282510753836732,0.24975494939080134,0.3370070371447453,0.2397465984921694,0.24681844540821435,0.14392686686713485,-0.1303540331681237,0.11491259453242025,0.15279964503392068,0.24979225537053598,0.18804035886249815,0.26918369109997153,0.11860136054362558,0.17813992558074476,0.28773488771142064,0.02028638241152667,0.4138077896513564,0.20156602859021974,0.31160835553137045,0.11655729749501309,0.14433913340259635,0.05440802444440313,0.25268968580779266,0.12163229264683141,0.4170949225284422,0.18699421127854715,0.27064223192216924,0.13053307811550505,0.3640283231584375,0.3008889338296842,0.0773533196705532,0.058317594881897486,0.28394319938673024,0.3086726412964047,-0.15197513666522805,0.0677685026440996,0.2740832180332081,0.17674814417376022,0.15799440492227554,0.19984868630892502,-0.11248645140455865,0.3387208749387203
0.0881654813833901,0.2743583171841373,0.36628511488109694,0.0,0.26624303517228975,0.3403922594123488,0.25380496497631516,0.18939294040434276,0.20702990498263715,0.27109958141126034,0.22380552362894054,0.32870898161793766,0.20245523295962972,0.16957467456197403,0.19724163597600505,0.37164395218375224,0.3068806572628267,0.29609675192944046,0.17600721922860169,0.28452574653104484,0.42166373209526775,0.299387869359562,0.2520987243332235,0.05836183336782509,0.3351818457298945,0.1351197274875659,0.38871158243097154,0.17566833310883273,0.37176074370833107,0.2173989844239884,0.2727127356431249,0.15594087482929783,0.2843705033917981,0.0026405197183107998,0.26064759473237875,0.31987043721564334,0.15916381927380488,0.09415309137517651,0.16504454325838677,0.17380218290562785,0.3294116669907205,0.1919904447065204,0.295148465689194,0.25521785620754606,-0.01923686866623728,0.2803199395507026,0.1922369864804541,0.2845261977462345,0.09400769427776216,0.09504284484152772,0.37048247294314435,0.2993068863004503,0.11090385124415493,0.3071594887001586,0.2297102452519231,0.2444091054443709,0.18184739227956695,0.1998065190738388,0.34111082018732447,0.21536637311639986,0.34426969130564233,0.2900323669690259,0.3879665387583873,0.17355070637476946,0.24961020394285507,0.2923400226165366,0.22198679009964345,0.19862937494031938,0.13011286547589743,0.13712399488493224,0.08762223425941115,0.23872138844444682,0.037859516726987556,0.2940885395626361,0.14438099792400966,0.2550638748811352,0.3148194643949248,0.2724545491919312,0.2351810412993452,0.40221292611510284,0.37935597730570353,0.2799885453567917,0.005468934072309203,-0.01810653895386768,0.29780631036361255,0.1538726254064832,0.36738940937444114,0.3735279582550554,0.2829212180194159,0.4037121301765464,0.20725328194620235,0.16322161893724027,0.33697562026288824,0.25042483389713216,0.3281148122434645,0.16209651106467057,0.2224045210243218,0.2907812782422073,0.08881452620542896,0.019232899512801473,0.15205093341092346,0.22150678476472158,0.3987939725543502,0.3440842548045982,0.17145158971302615,0.2718882273544791,0.036770824355225835,0.19758516644250532,0.24339085571382332,0.34667488368585114,0.3350315719156168,0.0930625835010485,0.13952673756783265,0.2114822653787452,0.30775923925060883,0.4152913134616142,0.3494022548989907,0.3623722742675307,0.2375512599992663,0.28218170826553374,0.1464503834155915,-0.10368624259816121,0.060817847389636095,0.09009658323566279,0.27824357110622555,0.226689178970247,0.3034468541075411,0.23222164990519056,0.2531382392158086,0.3336100806318139,0.09334314384382304,0.3426319935925327,0.2407135679019388,0.31370393244179834,0.20935687189793786,0.22187603240399226,0.17906628389006737,0.21132053271948095,0.1311557359888482,0.3726410565551774,0.31860247881471754,0.24584821878604007,0.17446392756459642,0.4063584941546087,0.3360799435984121,0.1415951094724239,0.13948956937067858,0.17702719690705843,0.2848769234584791,-0.12906151137102756,0.2020248887731306,0.3394432989686571,0.16034444655311536,0.054158603784099875,0.20849714662601707,-0.04215835629969895,0.4143530656317739
0.02775787069130956,0.39069330301709315,0.19847487579736656,0.26624303517228975,0.0,0.06269671541706502,0.0986905471783072,0.11550095913756343,0.381279626298794,0.10238195134247544,0.1386895760065406,0.09559882983350503,0.06582854498965632,-0.025841844230355206,0.19788760620881343,0.29427245806988783,0.20515516965904979,0.3095936390579315,0.43240951927517357,0.28440068307548305,0.25961614261127536,0.24747282898344403,0.18831219409846986,0.20757295201847473,0.33885286528829056,0.08750731843717742,0.34329229716102255,-0.0260204100283256,0.2560381308406152,0.3492185756452372,0.07444745422280434,0.1780198456463926,0.4010921398062946,0.14558657119786247,0.11478112268801202,0.2167389358387025,0.1402960878670617,0.1843265430185613,-0.05387708098945166,0.10849922936171494,0.22002739161570775,0.29206467385117285,0.21761317834731556,0.17370588095499567,0.09275438015433413,0.28444614984164956,0.01240364557755951,0.13532666032193522,-0.09859092543780414,0.023168820872865287,0.1065748932565028,-0.05094075507723746,0.07209329159809474,0.08791233220728291,0.20861986523564288,0.10650739816553441,0.39954808928398644,0.2246796187098021,0.2944374331365915,0.05787926352264394,0.19108671567943078,0.2946537571623143,0.24482374648458521,0.1403602360995881,0.03788207671521656,0.2028826600380714,0.23393930134596355,0.2801997444590709,0.407681166668883,-0.05177524293282711,0.037845251363364966,0.177827635041844,0.10408738214268624,0.13413480288189578,0.03863096333622415,0.318813849748654,0.2094922158110699,0.1631116442109078,0.4492903739232636,0.23654375100048955,0.08213832013856646,0.22773060294592712,0.07236843470202246,0.19133946750498795,0.07747524482879228,0.023647847665291103,0.22516645482371223,0.2672351275822737,0.127593389624111,0.2715456663732015,-0.04706368803057092,0.11992982290287439,0.18505492655767256,0.08151934945062038,0.03321419998756887,0.15821638647662475,0.02961975548694369,0.05451762949661365,0.3503206701368786,0.15312778046792175,0.16866400515484967,0.021439165439474748,0.25106528835758235,0.25587903758497216,0.33513876879049,0.42096041373359866,0.14387611791634244,0.03650490226772854,0.3062797764619125,0.28032098802516325,0.3166020332463384,0.1945830478032509,0.3003479284389523,0.12366167074461312,0.15764398320743797,0.2854241011544929,0.21325266857336736,0.25364394423240433,0.2976812557496065,0.09553743586172342,0.0859521723237136,-0.10752259635578224,0.03256543880165056,-0.03033673010994534,0.04862889468498586,0.19186284626401787,0.21284691181189208,0.12127600884277334,0.3774147781573956,0.20349087463057158,0.26248777980057747,0.199349050372257,0.05448846158113742,0.18746815438975709,0.3958638081757604,0.35681962892143787,0.013679495471003049,0.2059162566015654,-0.04233891427171806,0.2762210781174265,0.13096831361838918,0.16311647701479207,0.30822624420777306,0.24407275427257455,0.19392700868483034,0.35627802318701096,0.2907403165017273,0.09211843085947104,0.15688136880796275,0.04050936374052572,0.34571970582408673,0.39185580876620896,0.19837183047722062,0.15859660453095398,0.13925610097299446,0.035104554529305915,0.3424410735523429
0.22595441242842804,0.06120599530115803,0.2558760487680369,0.3403922594123488,0.06269671541706502,0.0,0.3103031860609348,0.3083180377451331,0.051557662602484115,0.320541772427421,0.3342122705162492,0.3728927680592117,0.34618431481869605,0.3503808739119416,0.2967834045607521,0.2459557898410159,0.37498733228255754,0.1384687449411357,0.054940781631171075,0.3213769505186985,0.3976396248992925,0.3268985184351118,0.2871402510033959,-0.07656793276948645,0.2938268652872731,0.13051299019729784,0.2801819482013067,0.3469888132675303,0.2583137816065303,0.10090160572941297,0.31937773613299975,0.150363275037655,0.2016304363084859,-0.10141310370278704,0.32228738544502555,0.34120295583575955,0.25941154345207534,0.19511780299792175,0.3359411374106784,0.08952112854420692,0.36694764069018615,0.08647906214981026,0.17105163433363674,0.3504374617270225,-0.12001559149755944,0.22560581328003718,0.2592899883547558,0.365179100398927,0.2975902128054413,0.1348909476504238,0.4003754967292017,0.3762024000793588,0.1592502048260182,0.4001981487004621,0.12913990043400408,0.3057716487113471,-0.027070488655260273,0.21614386187210083,0.34227864495432697,0.3579044738222624,0.3799485347605006,0.18268437081718653,0.36789602646733127,0.24726393887059103,0.37147519586866584,0.22977113394610782,0.06978476740996857,0.09972088152736594,-0.04590581381185544,0.3934901828817813,0.25186081927249665,0.23424498014100167,0.09731771897393696,0.28701354559827524,0.1141430089143977,0.12002819744982328,0.3636127232864217,0.1586712772895909,-0.000705230181288185,0.29649790077763066,0.4224561787181778,0.27764794050019476,-0.04609576938757866,-0.22756024720623155,0.40894595330024325,0.32583343608059345,0.3601161726461616,0.38878865196886503,0.3940429090853035,0.31685996206285877,0.2852174230369891,0.24097670253435746,0.39404110187522123,0.30284862922109984,0.4665562250476044,0.17306677397506962,0.2736440471766732,0.4425837522012596,-0.08445810866896766,-0.045261162656088004,0.24500454258658294,0.36533936042582194,0.29544801799215487,0.22024918280751135,0.08305099036757578,0.09628803904084816,-0.1704036757956089,0.34227520757890173,0.2378959810982036,0.22548497766763267,0.29407875867538524,0.1981432725248982,0.11853741780543114,0.32030053127885977,0.384997017716349,0.35485018047697053,0.30096191070619666,0.30950728444430575,0.06999971142902105,0.38838263285088187,0.17122910738967623,0.1029245785680978,0.20289460305360907,0.29974913769578954,0.39106242098282407,0.31667835969356567,0.31791352271279455,0.34430114589113797,0.14128790590439522,0.3660860663765234,-0.0048160341590067195,0.2184105948919943,0.40012179819231364,0.3105667016097557,0.08637394487162928,0.10100591010520613,0.326097002040974,0.13582586690763412,0.2337638779448135,0.25474969711467205,0.3711447251577695,0.2843095779643193,0.1262181043885178,0.35815955354523815,0.25223813847040144,-0.01222270570915277,0.10975874181387234,0.2108746571391279,0.3154049046821435,-0.1561358352144539,0.04861201838453396,0.18353447826365354,0.09910810003882613,-0.032917124039855104,0.2641210736471226,-0.09800142636773615,0.3400016964586422
0.07650749384953366,0.2234033869283391,0.12636274016599308,0.25380496497631516,0.0986905471783072,0.3103031860609348,0.0,0.20114996308387942,0.22848215173188077,0.2822773818500791,0.2630376000293648,0.3810556049456247,0.23539409121388943,0.24473319857668924,0.24578285819972864,0.13854968440074625,0.307281255059201,0.14156899868606912,0.09203028957796251,0.2871620874498637,0.2420147199441577,0.3694025033841454,0.18378676166965932,-0.16136186526498147,0.20085121628319638,-0.007728672288921267,0.3031979928502339,0.23708075464612152,0.11528075394397035,0.06519354301729355,0.4269011468349477,0.2765522794834574,0.2941400102836303,-0.14702180275822677,0.21719050198879816,0.14316181001285666,0.24154860148371207,0.12134136916225076,0.0791419938071288,-0.014878128353764513,0.24813596688257383,0.2683889486393971,0.023874377023805956,0.3118409734643802,-0.2734140057683066,0.3619736356891094,0.12866382713036428,0.29495762057354075,0.09450962872835669,0.001930641414138193,0.17077168162985043,0.26263989585063807,0.11788419018672143,0.2736797036365,0.007454931954208417,0.2716535714894681,0.13338433574905745,0.30438758314971326,0.2199998097588595,0.16846766072112168,0.26024972157161463,0.281552225867363,0.2928433234404191,0.3041187950429068,0.27025821826583213,0.05944294157361782,0.10122284512577814,-0.014065943508009306,0.13375580758346922,0.2971768535302723,0.21788425695526828,0.28773227408068563,-0.09198757412054881,0.1395685744907115,-0.12198476907349363,0.21096770428695266,0.2798012825500693,0.0734594997039836,0.045035842702225534,0.2076768475222867,0.26676654202168854,0.27956614330872587,-0.08848399246808629,-0.0923955642015199,0.24382197837564007,0.3118280632865766,0.3450867375756102,0.2991826727191213,0.2330103754943446,0.2246379095722478,0.17804802473291953,0.04344268733521886,0.2572379812502386,0.37751864268783486,0.3046212542929267,0.04860799944230101,0.06945749101614879,0.25628664089318876,0.14014972764306322,-0.21923448833741463,0.2636591805823397,0.21333232927254525,0.23178365687538147,0.1634291288996557,0.012147017071554847,0.20738128347054288,-0.13525543016297223,0.2074002491329958,0.3409129896242135,0.005376558468489246,0.19760041658409805,0.2079810668637131,0.3247073726800673,0.21410267638523847,0.3015486723258036,0.27199057307371577,0.09515156849366414,0.21926416100389087,0.13194822908849477,0.2984158135508645,-0.062351808102567206,0.0003826825893490298,0.08625905116305033,0.12852066799018286,0.2568814169177718,0.342817948238098,0.2028776408424648,0.4286956018972118,0.20182090049485296,0.30832865917935054,0.2025734683649642,0.1404927017886256,0.2645125222163068,0.2540274973599876,0.2414388266399847,0.09945129326768293,0.1022104273923889,0.008784843315963008,0.2573897106545164,0.17478381521001513,0.4597409283460411,0.14129275398970012,0.22808445650102294,0.24293043485376878,0.10596054496022823,0.17853291881966415,0.32600904528242675,0.0237242110970778,0.17876418113284354,-0.1224276239661815,0.1487764820734145,0.2371391603739892,0.12263659292474971,-0.04384494468889258,0.2168812665787595,-0.10227885342227098,0.21928362974006874
0.15020782951146178,0.017427877971606116,0.20411140617004353,0.18939294040434276,0.11550095913756343,0.3083180377451331,0.20114996308387942,0.0,0.06505458096818154,0.2719315835685615,0.36005198426089785,0.2201876239765298,0.31386239828774276,0.33239640703184,0.33488101074000615,0.2098354438913271,0.38598077415569665,0.05746507629597409,0.062035496386204154,0.259375742092413,0.3328666526886442,0.3126817887792115,0.2380949992150723,-0.061673303489426456,0.24140546599584867,0.017614862781578058,0.2573057198189417,0.3476987829664944,0.2639047154963498,0.17801439989757764,0.2148755295285743,0.14997526681615994,0.24106863325316555,-0.11001606885929757,0.3128604483666801,0.19569035138139634,0.23891243573255316,0.16316017742489766,0.3543641159957336,0.06987169272280845,0.3710929681829147,0.06307732536255241,0.05596195021744405,0.40022688754101565,-0.12403075663473746,0.25484068101095736,0.2450283963321009,0.370364600970252,0.26163831831831946,0.031726779514736986,0.22324702008989758,0.2583568394391267,0.27658575820710846,0.28459152673220345,0.13902845893192228,0.2961026084368581,-0.012499449602875653,0.1849551593699801,0.25657324338946125,0.4014616907271644,0.3597383417876475,0.10901080256999975,0.3147887630548599,0.274217040379415,0.28295366495988833,0.26261449523672853,0.12287330544768682,0.21875631077278693,-0.004963315531085448,0.35033021646964085,0.26158909370204664,0.1925141106468383,0.16037251467117267,0.20515492179791936,0.0821543847295728,0.042587302341786155,0.3615166929191231,0.050233535861861876,-0.020909798911661774,0.23996684428700515,0.22811053846752682,0.29760878998561385,-0.05017104897151063,-0.18773710311212166,0.31954475180322617,0.30918682129621,0.2435553801166842,0.35793255865339535,0.3348550538522888,0.34677918621546205,0.3010107090739378,0.3536466856744722,0.3440503355705324,0.15398846844546862,0.34552997442732314,0.24019220778026837,0.03412798737900969,0.258567750273152,-0.0170712368827428,0.07426857221041698,0.22785775694587135,0.23147908070132328,0.25632119669321957,0.16679740859187878,0.05934680456987544,0.15751768575422345,-0.1598368761609757,0.3141125152762535,0.25804578065642814,0.180908417947474,0.24177745739557116,0.22170491981819143,0.2155007904789831,0.2783675253075426,0.4099837830035131,0.32488755182603907,0.1822008249171596,0.38920383948151843,0.09672069753130451,0.343011635826695,0.21383816153930385,0.007964633506569192,0.19607934083196799,0.32500144162018657,0.2653213279481232,0.3808030821085087,0.34846685268372435,0.24371838670462584,0.18068504632928703,0.3446465513735669,-0.003250380509524108,0.1914005610949087,0.3547957652139274,0.3429042302847756,0.17377618398725475,-0.001055634492183592,0.14730127141681715,0.09521233482440351,0.1724410181240579,0.22616030753931868,0.28978288075288716,0.35328825746441794,0.22272270593582014,0.35833800586023873,0.23216401997094108,-0.0059037349681061,0.12014529394372167,0.1393241517837642,0.3036387569268128,-0.11888114970134367,-0.04787330145275735,0.15079502984210646,0.21660456438086428,-0.009224117313035605,0.16513213634726512,-0.12805483817300883,0.30168058182919144
-0.0900635698404155,0.4408394157706951,0.1057869464322692,0.20702990498263715,0.381279626298794,0.051557662602484115,0.22848215173188077,0.06505458096818154,0.0,0.12888513803254442,0.03347626265951219,0.15186621518759263,-0.020758986015575433,-0.09815189572299514,0.11092228960822628,0.20273151591950364,0.13388185978684525,0.2813179262564667,0.37296806022337603,0.3022339617216231,0.18168948091442083,0.264795176119658,0.111679965571187,0.20599232620365523,0.28371114036573014,0.07147057908650825,0.34664802314647136,-0.09486872697291326,0.19389848203541388,0.2516817594084705,0.16236133596738322,0.3079879524950156,0.34549556274467463,0.20144672112390574,0.01249251925612156,0.10541294766287929,0.1411836792193435,0.10350696858932569,-0.17793395172372561,0.09716029583197063,0.0939618692770769,0.4319361182774221,0.06695639338728736,0.12533036494062955,0.0558350642785076,0.35734961154346395,-0.06707153670678084,0.06522412988392198,-0.16291474972611952,0.08669242686514071,0.0491232837330836,-0.0527567988492265,-0.010046210411888554,0.05350944974004714,0.2007419890606399,0.08808527045213885,0.4304788550376989,0.3368484455277242,0.28726881061264536,-0.05513178820868186,0.13224220148626403,0.36354163090392877,0.2456505076354571,0.14932044200509828,-0.001829384125769463,0.14730109907618513,0.24194313448605576,0.189146648151406,0.4178540125746755,-0.043582930072338794,-0.002884336906816744,0.24995125077557942,0.0627854624116575,0.11034928440198798,-0.08552261171804953,0.3964875296167375,0.11361418341193263,0.1573847757527729,0.3885507298874009,0.2000061286032535,0.029785757911373674,0.2998349420539177,0.18004757297591448,0.2257526178935617,0.02560356400888749,0.06089578497765976,0.2832408782143011,0.21478614382583838,0.07818724780374188,0.20153559772378887,-0.10203202022548048,-0.017861311248654265,0.09554352260328293,0.14981582802098467,0.020762202757033422,0.02258924338594462,-0.0823021034581287,0.004515722027204515,0.42514581560958475,0.04492653314695934,0.12912800310370662,0.021821154921586462,0.23499874580747357,0.25472941370693286,0.27081478336789555,0.3928805735124251,0.17877801841274907,-0.04839967647804128,0.34561876681799186,0.20369374146311722,0.2485364728062495,0.14968937484724384,0.35178476635649386,0.044928743849420874,0.10529511079769999,0.25153875919690233,0.19137920598394303,0.2184337486562232,0.24599760661388678,0.13239552814269961,0.03802803996270442,-0.17592332943111966,-0.08774498552831062,-0.10330891348417988,0.09959515699172229,0.16297003611165448,0.13769536798010445,0.21913655027069273,0.40538979575732625,0.15010298955824122,0.42248513792908093,0.14526154941892375,0.058328672139090605,0.14499937711522332,0.41332743281644757,0.3338069807283373,-0.04913217033949076,0.2039877877849985,-0.015617683288756644,0.2299156046474139,0.2238435258557149,0.03348697219144363,0.369472221078776,0.1551226813035282,0.1394557385855058,0.42657688432252167,0.36566696758982653,0.006053717166210023,0.06210593841479495,0.06759750440974065,0.4038190161696287,0.40837185512288443,0.155712540667037,0.18418478667371224,0.16689852933574761,0.10258234955021088,0.2391396892352301
-0.0356551631086858,0.14798643171025175,0.16764379430023021,0.27109958141126034,0.10238195134247544,0.320541772427421,0.2822773818500791,0.2719315835685615,0.12888513803254442,0.0,0.19474544163173235,0.28398478337388866,0.1685906548579782,0.17939129104894277,0.22742353427368625,0.13996779282296534,0.22961594639094074,0.20492200145935457,0.08086911207104525,0.2383241547850794,0.25482562785005985,0.31659888488203486,0.2620889665877028,-0.04915354884230385,0.1991337389744056,-0.011350604803816004,0.2522960773290445,0.17020817191066034,0.2544871767504917,0.10059498497683071,0.3513913502798029,0.1470184274715037,0.2017294334474315,-0.09989158166156276,0.21889883574696134,0.1930237857251065,0.14294695282669848,0.03854221140337837,0.14545550235045118,0.020902756699754985,0.2453249639810858,0.11846705221327115,0.07163655839309976,0.27979332041739974,-0.057973772226644085,0.2748330669646601,0.16604889821449742,0.2547652089019342,0.19727181910692684,0.058625630189308935,0.18816859548453305,0.3112833988088162,0.13151020248021247,0.23529366391031548,0.22796844970980445,0.08914392290850529,0.04919826182553933,0.3532991485744621,0.19375081828960938,0.19599516814754436,0.254633042325186,0.26347146015775147,0.3052345317385024,0.14740496527690533,0.22890520009314916,0.2309832480048994,0.027617021416746157,0.10073115900370255,0.057732962956196815,0.27462323842075503,0.184688019252104,0.2417717367445572,-0.06495280308092016,0.1904428399561163,-0.02331509293094134,0.14402337282756886,0.26393729040001934,0.16427698366599694,0.06651501186681877,0.19042814882624773,0.33640223530441976,0.286377070695321,-0.05351069519969152,-0.03818485689903245,0.21418828703429038,0.25498387757333607,0.30478028007876956,0.27921610648889134,0.20783303949080373,0.31739882877758674,0.1719410332350562,0.09441869568876696,0.26488379042581633,0.32647229350794105,0.2781349877965318,0.03343382666404975,0.05226100766547172,0.2884111680947121,0.048235510466026636,-0.0024566006755839184,0.1787860587489347,0.17942556697102796,0.3290095512851883,0.16721993305505342,0.22291834771161712,0.08526911003802555,-0.18610226850523123,0.1685072319335639,0.2319286925800509,0.21179175863944183,0.14737706874988973,0.12612878172207515,0.15308418261411183,0.10844115703468643,0.27307552135373886,0.3305433891750176,0.28212047546188274,0.2821522164494419,0.11934596508935909,0.2019622166567231,0.14986306650482967,-0.06607657901466926,0.017508312859219534,0.1263259529201987,0.3604870234773132,0.21363355008325585,0.21870513362538166,0.2967870264599608,0.2577730073231821,0.36207539366025077,0.13335160057130796,0.19531321029725984,0.22006647960051226,0.2605168880886357,0.1990465897763613,0.10543327217698542,0.18171847683934245,0.15224467011368326,0.2273131193221368,0.15911541968803122,0.3650765522163078,0.14545331625156882,0.2607795112011516,0.28845778589593646,0.20464604073662518,0.07970941163694975,0.19833486139097634,0.040245575356608436,0.16146121393872087,-0.05151840328302212,0.10601010978414185,0.27027055801864686,0.05880170745567116,0.017421493435949634,0.3265718951497369,0.04035995699474302,0.20411629598879788
0.2354514199684004,0.03699283940896386,0.21803388418580139,0.22380552362894054,0.1386895760065406,0.3342122705162492,0.2630376000293648,0.36005198426089785,0.03347626265951219,0.19474544163173235,0.0,0.25932780405238715,0.34593845461346273,0.43344176764043024,0.3927078183872123,0.19356957291422902,0.4677647340062617,0.12265052305704925,0.085372011461614,0.3277949210169839,0.35602183660768866,0.2931323710786374,0.2435870961682673,-0.15550062722654232,0.25669083943030785,0.003878466479912396,0.28331167610129865,0.4415103095579239,0.22298334929367553,0.19164871005182915,0.2698691077282139,0.02859890460194222,0.3260424059055077,-0.18924781989526643,0.37347570471881975,0.22337642608867392,0.37050968100958015,0.16480881110801407,0.3493541696861901,-0.032947729092159116,0.46437559876785667,0.07240654335472411,0.09611096293336435,0.4598547033225978,-0.21279259019436866,0.29235527190270205,0.19370352663171997,0.39207011509044315,0.32817039543518584,-0.07078577600168014,0.2864910228581117,0.2765187474233843,0.34044496991562206,0.30575250420084227,-0.02431290525404933,0.397423617338595,-0.018314883866177797,0.15277708074314655,0.2548718171004154,0.4411643769849631,0.3515657358317851,0.10647477811542207,0.3202953351709069,0.3791211156441026,0.3006467865174487,0.20106759358515036,0.05981887606821309,0.14844429002895637,0.013958475034197311,0.37303681870430877,0.3829039253875888,0.1868641444560525,0.09594856224544832,0.14855441044153994,0.05762140900555092,-0.03313665909888232,0.38244906621965336,-0.0020016747723124915,-0.006342574165520527,0.23286683509818876,0.29920941870682005,0.22578065226007785,-0.1581550316101085,-0.24743361974692332,0.37096693243224876,0.3533662267860495,0.2307758301587539,0.38902384212710955,0.42309707059869367,0.27324315228001217,0.22291347201735878,0.306830029592779,0.4371106312238721,0.2203704853695601,0.3697920503576319,0.2771738771410317,0.13273652097596852,0.3220895504860672,-0.022128675916473602,0.007599980987570795,0.3921503777671539,0.26815855567622304,0.22617895110907263,0.13542923894790568,0.0013878248974289438,0.19668900238324333,-0.17885689288091153,0.31852150842395965,0.2898777991575022,0.08568022207337332,0.26844240646140893,0.2794012694700874,0.28162805825844156,0.3553161552309385,0.42233831442019076,0.25220320575949945,0.1117923357822291,0.28297974720608254,0.10937653568082861,0.34927036815116924,0.10842106242275706,0.09905112504714338,0.2774007540695099,0.39134875835920363,0.21060711209629704,0.4255589585683379,0.3841804375231227,0.2554946211202716,0.18101515874440993,0.4000689842928178,-0.0346167804622615,0.18138553101217103,0.35561288038306993,0.3021768785877778,0.18457810034009203,0.011545992441374392,0.18762832734044957,0.0053872997341488605,0.275256832306269,0.1986489951929585,0.31116422497564616,0.41084022744162674,0.2158825672494317,0.36694041757081136,0.21118439316075177,0.008871338888542076,0.18377294715781517,0.20674805242111022,0.3178258683418952,-0.18192126089375088,-0.033560253812550546,0.14834064600373476,0.22767556665432323,-0.08634450561618848,0.20747253816703487,-0.17791825498557395,0.31672142626617256
0.08961091143275159,0.22499326123328228,0.2562683992941674,0.32870898161793766,0.09559882983350503,0.3728927680592117,0.3810556049456247,0.2201876239765298,0.15186621518759263,0.28398478337388866,0.25932780405238715,0.0,0.22259389532113877,0.2352176315836714,0.2483039943769109,0.21845122716464568,0.30244785848694294,0.15235837016109297,0.11092013432927764,0.25382300053051476,0.3216053525974083,0.28193532696355444,0.14225596996768483,-0.08251893151105061,0.2911948744592311,-0.035427195404834425,0.31681358689431083,0.25461406818923327,0.21881148739621448,0.09333034315418019,0.3673652186869223,0.20339173910681418,0.23524780367978362,-0.14495369910099196,0.26533314029537697,0.26005522228779765,0.21997299864446776,0.19725366257326118,0.16006017291760274,-0.011719672538443013,0.2795822679608217,0.21501504423161164,0.16286710308004176,0.2832754249219827,-0.1384158563979002,0.29311944030737647,0.1981752924350418,0.25269054226267496,0.1339749755666707,0.008585002763656703,0.3066633593554194,0.341186598853885,0.18721755166023138,0.38850630537085806,0.04335444446855483,0.27826386574069367,0.09282206938064233,0.24627757837471875,0.25889757648631595,0.2361816116610439,0.280687824653625,0.3170321698829163,0.3434076878437001,0.24812853899225784,0.3004509900100194,0.11688717217260823,0.11437000842743593,-0.007154367738846141,0.10392856678587431,0.25941375821886303,0.24082025738250504,0.319010902863521,-0.10503721663186225,0.14998163398038344,-0.00047228620833798026,0.2243149730518435,0.26231101891164454,0.1562458138121999,0.11377952298946145,0.2947728847716952,0.39211952473636635,0.3396198911977427,-0.10832136231808512,-0.15417259188940893,0.2516562731831336,0.27651279971458215,0.3178702383183684,0.3394894722915995,0.3026599373779522,0.32049485570459013,0.23752640096044894,0.08800355229881865,0.304260430935583,0.356400028051421,0.36741560639812926,0.13371145579758215,0.08106396735572514,0.290734339105921,0.09438880616301167,-0.14914499329433203,0.21216618475633042,0.22212708813026757,0.31207502612739735,0.17154634698065732,0.16841299718542777,0.1598823815120194,-0.10402892383364148,0.22737534415112123,0.28430388535296014,0.11059032154449107,0.22355160324596354,0.22812519135837217,0.18012669967658612,0.2015954233076414,0.33045135035766926,0.28312066343601294,0.2780847048519057,0.22447354272049597,0.1605350556441904,0.2605862379868275,0.07653720069527434,-0.02899622817912943,0.05101273061406436,0.15069997401451787,0.29606465725677544,0.24476837531956575,0.2356648195987906,0.35595185621415254,0.1686643213990688,0.3004956151876141,0.1513025524627012,0.1876273402159291,0.22262861835894737,0.24661536070591364,0.16217106713647045,0.16460827517138193,0.11080553074695941,0.05492651106012508,0.18607841751850243,0.21085240080374867,0.39279925655643605,0.15994181459295487,0.1412117954679042,0.3138855609255098,0.23966147219495557,0.1507007216748883,0.2293979918799379,0.032447297468777773,0.1987276846750511,-0.12686210500328537,0.15977246014151156,0.2675659414027712,0.10361863946119322,-0.04131719740275247,0.1777053177493633,-0.03914569583915374,0.29105671222617785
